86
-180
-175
-174
-187
-176
10
-1
-8
-4
4
8
-536
-184
169
-188
-532
2
352
-187
-359
-175
-364
-360
184
552
547
168
-358
5
1
-356
197
548
172
183
11
4
-6
-545
-175
-9
-192
189
-6
-363
-3
179
188
-5
2
-165
1
164
-371
-539
-169
-2
-373
-172
375
351
-12
-372
-534
-166
-3
188
363
375
377
-20
-366
-166
358
-12
-545
-351
203
548
525
-14
-538
5
-21
-381
-365
7
367
176
8
9
198
368
363
349
185
13
178
-19
-359
5
-23
9
374
355
177
188
546
368
361
-20
-184
15
183
331
-205
-167
-6
-372
-167
187
6
17
360
154
-193
-365
-532
22
0
4
174
-372
-325
220
546
337
-209
-355
8
-3
189
171
-186
-178
-207
-369
-162
-12
-370
-332
199
170
10
371
334
-15
-170
3
3
11
190
187
377
539
156
8
198
172
-219
-539
22
-32
-545
-336
-193
-383
-528
28
174
-177
199
358
358
343
-3
221
552
332
-1
204
352
-13
188
153
-382
-158
204
366
549
527
149
-172
223
560
339
158
0
179
-42
-562
-347
-361
-348
12
17
177
-30
-363
-162
-191
-358
12
-20
-155
385
177
182
164
-193
-176
-1
-189
-170
-10
-388
-357
-161
14
-20
-386
-341
-171
-361
-153
380
327
-222
-536
-522
-161
20
199
526
137
-351
56
365
-17
211
543
135
-402
-549
-337
13
151
-206
-332
234
539
-51
-367
-163
-2
-18
-366
54
564
323
-221
-339
219
171
173
168
-184
-3
-202
-186
-171
28
341
-205
15
1
17
367
163
6
226
565
352
355
354
338
-42
-550
-327
34
387
527
-63
-543
-146
-16
-207
-346
43
356
-9
191
176
188
360
186
393
557
546
527
343
163
-210
-376
-391
-552
-351
-355
-160
-17
-384
-514
32
183
23
389
360
365
338
-44
4
-16
-374
27
182
206
557
345
192
385
516
-62
-556
-313
224
541
326
0
185
-11
9
183
198
345
-33
-185
-361
-179
-201
-568
-547
-547
-525
61
565
168
182
144
-406
-555
-524
-167
-188
-143
391
135
-372
21
-10
-174
-13
-175
213
149
-194
26
191
159
-195
35
361
-13
207
343
-49
-394
-541
-345
-157
212
375
354
146
-175
244
559
339
-21
22
184
-7
194
176
169
-22
-374
-350
-176
-178
8
-5
0
186
-1
12
215
554
320
-19
-195
-351
32
181
187
196
184
147
-383
-172
-187
-188
-182
-160
190
1
6
-1
-5
-191
-337
231
540
144
-191
-162
15
-3
185
-25
-377
-347
-145
373
-32
-1
-26
-542
-165
-192
-160
191
-38
-366
21
-14
-167
394
357
175
171
-195
-160
-13
-394
-532
-340
1
-17
-384
-323
215
542
523
350
342
-24
10
362
169
360
527
521
351
370
161
-195
-369
-543
-333
0
8
193
346
162
-181
-154
383
534
349
349
-15
-184
-182
-537
-351
-183
-167
3
-213
-553
-157
373
342
-201
-161
386
522
-42
-530
46
541
525
355
-15
-384
-544
-333
195
165
-379
-338
201
-6
-178
-185
-361
18
-1
-183
0
-175
-169
-183
-543
-346
-174
5
-2
-159
194
542
357
-197
-550
-512
12
168
186
541
169
-359
-351
-169
2
178
-182
-356
-177
-357
9
362
-187
-176
178
180
364
184
-5
-184
-548
-528
8
-1
-172
-189
-537
-343
197
536
-23
-177
181
-11
6
359
548
544
358
190
1
-195
-362
-547
-353
-353
-554
-536
-346
190
-11
-360
200
177
6
6
-8
-10
-187
-5
-185
-527
-170
170
350
537
547
365
-188
-543
-174
358
164
179
550
372
-180
-6
550
-9
-546
-530
1
187
-374
-7
190
-354
-351
-179
180
363
-182
-360
-189
179
556
190
-174
-186
185
15
-557
-33
356
184
0
2
357
358
364
367
189
5
-18
348
13
-361
-365
-545
-18
547
6
-13
364
367
188
-365
-193
357
365
14
-170
167
543
24
-532
-534
-550
-24
360
2
180
194
-350
-367
161
359
-165
-184
350
11
-178
184
21
-165
-182
-184
-183
-353
-519
-350
-357
-375
157
356
181
18
-343
-22
518
348
364
374
173
176
175
350
23
-367
146
169
160
548
40
-12
518
551
30
-349
-191
172
350
380
29
-177
184
-172
-365
-186
-181
-164
-355
-189
-174
-357
-355
-530
-569
-42
539
40
-362
157
373
173
362
23
-12
533
369
188
-163
-201
160
182
343
370
24
-183
169
196
16
175
179
192
-163
-16
26
-524
-574
-388
-27
186
16
176
206
-161
-28
333
376
-146
-11
367
26
-13
178
18
-338
-531
-561
-51
345
370
377
191
359
364
373
36
-376
133
32
-349
-202
-14
6
7
15
-164
-358
-213
165
-145
-524
-543
-555
-207
336
544
213
174
375
-145
-221
166
-143
-199
162
17
-166
-364
-49
522
381
184
174
176
169
164
344
188
174
177
172
187
10
-176
-185
-180
-187
-3
-179
-24
7
5
-7
153
369
-114
-529
-235
320
548
222
-149
-354
-193
-158
-542
-64
193
200
29
-194
308
401
-136
-45
488
559
77
-513
-63
191
-323
-379
-47
328
383
-129
-353
-214
-17
-2
138
510
556
393
-132
-370
-47
336
191
165
502
561
53
-39
502
72
-338
-373
-215
120
352
42
-7
171
-171
116
510
547
395
35
152
38
-360
105
217
-330
-56
10
-31
473
571
227
157
523
243
-307
-557
-224
-11
127
501
389
360
56
-348
-56
165
320
542
72
-188
-42
147
505
410
-141
-69
349
29
139
210
7
314
228
-317
-213
-20
-5
11
-185
143
58
-502
-250
147
194
28
-19
299
540
255
-274
-541
-107
504
245
-140
-335
-390
112
208
14
143
355
53
-168
-33
-2
194
-141
-194
-24
161
43
-339
-58
36
-333
-57
20
-157
-162
-370
96
217
-152
-20
-142
-51
497
92
-332
-204
-9
154
341
55
-190
304
84
-502
-242
-173
-182
-187
-49
339
45
-23
0
-27
332
218
152
513
232
6
9
-170
-36
181
42
-175
133
369
64
-319
-534
-561
-243
122
344
375
189
328
551
245
-7
323
216
-177
147
32
-7
10
-19
161
34
-140
-510
-268
321
74
-175
-161
-348
-213
-180
-192
-1
-139
-223
304
379
333
551
86
-185
-10
-322
-251
272
548
90
-355
94
514
551
406
44
-15
6
-312
-527
-540
-561
-258
317
391
204
170
324
553
96
-360
104
207
-148
-366
-41
20
-167
-41
170
186
153
523
92
-344
-207
-175
-45
334
55
-195
297
385
35
-166
-176
-185
-22
162
170
340
352
375
63
-500
-570
-75
349
-129
-46
191
-285
-389
140
50
-345
-191
-356
-43
18
-28
514
227
159
189
-164
139
191
-148
-193
-21
189
-150
-45
324
379
46
-348
-49
335
394
-136
-55
505
49
-22
180
20
151
331
538
392
17
-20
185
-128
-512
-535
-558
-68
357
-112
-512
-537
-370
-349
-533
-233
146
197
36
-320
-365
-215
139
348
366
388
-117
-536
-250
329
66
-512
-236
315
515
544
61
-343
-197
-170
-352
-374
-19
-147
-369
120
377
-130
-178
-173
-42
503
224
7
1
6
168
181
14
-191
162
51
-514
-389
158
193
13
6
168
18
-178
-14
-146
-346
-49
516
62
-518
-541
-535
-550
-381
-37
181
193
180
197
-171
-24
174
166
195
-325
-41
353
-144
-201
-172
-514
-392
164
21
-32
526
219
2
4
-185
156
185
7
-157
-518
-567
-219
-8
-175
-197
155
374
22
162
367
198
-155
-534
-379
-174
-335
-367
-192
155
514
207
-328
-198
183
21
155
532
211
-161
-359
-375
-32
184
9
153
374
-156
-24
352
356
534
191
-3
343
364
-150
-542
-29
2
-15
176
-161
-344
-529
-208
356
40
-533
-369
-368
-192
-182
-5
185
2
183
23
-15
344
23
-2
358
195
14
-178
-178
-345
-352
-351
-531
-377
153
377
33
-349
-546
-24
539
206
-349
-351
-338
-538
-549
-187
362
26
-366
171
376
-169
-172
-6
-4
-161
-542
-16
18
-529
-182
-160
-373
170
15
-356
1
-179
10
3
-14
530
544
14
-538
-186
179
348
350
10
-355
-192
182
-2
176
354
179
-171
-366
-354
-185
346
365
-178
1
190
-182
-6
184
15
-366
-17
358
-4
-359
-365
177
372
177
358
370
-6
-181
-351
-540
1
175
172
179
-353
-362
-360
-183
-185
-180
363
-1
-544
10
4
-188
-167
8
353
176
-179
2
1
-360
-365
-361
11
182
-7
14
368
529
-5
-360
191
2
-178
358
-11
4
-4
-190
-174
-172
-175
-535
-177
5
4
-10
-178
-360
-7
187
-181
181
186
179
354
0
184
543
528
533
162
-378
18
361
349
175
-178
200
375
358
-8
3
179
-202
-359
-170
-187
-363
15
182
171
-5
-191
-182
-6
180
369
167
-373
-358
11
184
-14
-187
-357
-184
-9
-369
-547
-546
-524
21
358
354
191
196
368
350
350
-19
-188
-182
-355
23
176
173
368
171
179
362
540
531
353
177
172
-197
-360
198
351
174
377
528
-22
-164
382
171
-189
-358
-182
-177
11
-22
-553
-512
22
-22
-548
24
163
-381
-519
41
379
363
535
355
361
354
362
530
131
-372
21
357
-221
-549
-146
196
353
157
-202
-357
-153
183
-14
13
191
175
-191
-347
209
-31
-573
-334
-151
7
2
25
184
-196
-358
-161
192
-25
-371
-174
-171
182
-14
26
547
338
173
-9
-166
193
147
-381
-345
198
170
-200
-192
-350
34
530
-37
-346
219
183
190
362
-30
-9
-175
-179
-196
-558
-525
-159
8
-8
-191
-543
-329
22
177
-178
-157
186
-189
26
361
-27
-193
-341
37
367
172
184
175
181
373
355
167
183
183
177
-12
-383
-545
-541
-542
-342
-360
-335
212
182
182
-15
-341
15
-198
-176
11
-4
-194
-170
14
0
160
-198
7
-17
-543
41
356
-14
186
-29
-371
-357
-536
-323
15
-9
29
371
155
-193
-169
185
-15
-5
-20
-359
198
-8
-159
194
-4
3
-6
-188
-184
-369
-534
-153
195
361
152
-373
-344
-156
179
-27
-161
405
534
147
-16
-185
-188
-200
-529
51
529
-48
20
550
342
186
378
537
153
190
365
140
-236
-545
-158
-201
-369
-351
-148
360
-38
-174
17
198
554
528
506
-29
-353
36
363
338
330
-26
-173
9
12
379
531
507
-49
-540
51
547
344
335
-29
-334
219
143
-388
-151
11
-6
-187
-166
190
1
211
542
-33
-164
383
347
-22
-362
-173
-167
15
155
-386
-511
28
-8
-370
-182
-369
-337
191
-18
-163
206
353
-11
4
551
528
155
-191
-165
193
345
163
-19
-383
-528
-141
383
359
359
352
368
534
-31
-353
36
385
533
333
-25
-185
4
-186
-556
-545
-539
-357
-184
-172
191
180
200
552
343
148
-198
-179
11
195
361
356
-1
16
367
-202
-357
-176
-189
-369
-544
-171
-185
-346
203
363
361
-4
-193
3
-182
-356
-176
-177
13
187
185
167
-9
8
-364
-184
-186
15
544
336
173
0
10
183
175
348
348
177
-2
181
183
-13
365
362
363
541
-12
3
-13
-377
-189
-366
-167
194
1
-175
189
174
-186
-351
-536
-531
-175
-1
190
376
193
356
-7
-350
-185
-377
-537
-164
6
-169
183
343
353
4
-536
-529
-176
369
544
-4
-538
-353
-183
-193
-360
5
190
-175
-357
-538
-535
-355
9
192
353
174
177
532
2
-535
3
541
-19
-374
10
357
166
-353
11
534
-7
3
553
182
178
356
-192
-541
-535
-175
-184
-543
-176
168
352
12
-184
361
533
172
-175
-175
-179
-181
183
0
-355
-348
-354
178
0
-12
4
-355
13
10
-171
189
-4
-190
-169
-536
-541
0
545
0
-184
195
347
175
-348
-185
-169
-538
-24
536
199
20
-179
-376
166
178
1
-173
-173
6
-168
2
-181
-7
16
-531
-370
-187
-3
185
6
170
540
373
2
-356
-365
-19
178
173
355
378
-180
-22
164
175
20
-540
-16
368
-170
2
21
-348
-349
-540
-14
177
0
8
-349
-358
-350
-10
534
367
355
33
-516
-532
-537
-374
-182
-16
173
179
177
-169
-369
-13
177
182
354
523
546
31
-524
-542
-206
330
370
8
155
371
-157
-13
196
-329
-197
169
29
-345
-208
182
-152
-361
-336
-517
-210
331
547
49
-338
-365
-181
-169
-362
-21
2
171
16
-170
-173
-193
330
38
-185
-20
5
-161
-164
-174
-23
190
-165
-26
7
-20
341
48
-328
-196
170
13
-198
-8
-181
159
38
-184
-29
167
178
12
-167
-30
357
-132
-48
519
65
-359
144
43
-513
-398
-24
11
1
-10
146
515
563
229
-144
-365
-39
340
196
8
161
209
-316
-378
-357
-358
-193
-175
-358
-41
366
-111
-365
137
209
-294
-534
-211
10
-168
-179
-336
-375
-44
152
353
231
-321
-208
-10
166
36
-188
144
38
-358
-73
496
573
379
362
206
153
347
196
348
45
-174
-171
-366
94
503
566
63
-183
-20
-7
313
372
-134
-31
179
21
-13
183
43
-361
-39
-120
-355
-50
15
-157
-179
-184
-189
-198
128
344
368
369
368
217
-132
-367
-67
342
37
-17
163
177
349
195
187
42
-481
-563
-94
514
74
-14
200
-287
-543
-402
-195
-329
-226
302
239
-167
116
218
-135
-24
-8
118
515
94
-332
-189
-344
-67
347
73
-169
137
232
-281
-533
-539
-567
-240
-162
-359
113
226
-296
-74
513
87
-178
-163
-484
-551
-387
-195
-3
-138
-499
-544
-244
291
526
554
263
-301
-214
-154
-365
86
525
240
31
-172
-32
49
-490
-117
503
123
-503
-102
344
188
328
76
-307
-356
-391
83
533
71
-44
328
63
-24
301
533
389
186
173
21
-191
107
344
185
340
218
147
495
407
197
26
-174
-46
154
326
358
187
355
83
-512
-108
329
228
-143
-49
327
369
345
370
57
-321
-378
-73
355
-108
-40
38
-473
-426
119
66
-502
-79
188
23
-6
-21
310
389
61
-187
135
35
-20
152
179
188
38
-138
-351
-209
-190
-16
-140
-179
-160
-334
-369
-209
-24
25
-157
-44
172
8
173
-123
-54
331
61
-26
330
78
-350
95
203
44
-170
-27
28
-179
-26
-160
-46
180
-127
-48
194
-292
-84
342
82
-332
-227
132
344
229
-281
-546
-256
149
39
-153
-325
-366
-202
-325
-525
-546
-374
-212
120
348
211
214
-106
-525
-256
314
241
-302
-230
286
540
66
-203
150
-122
-214
292
529
542
409
58
-172
-182
-334
-527
-551
-545
-399
121
368
216
186
187
26
-155
-335
-525
-544
-413
105
217
-290
-519
-560
-98
499
576
388
180
335
232
-304
-547
-419
130
57
-194
298
224
11
-8
-174
-196
-15
14
-178
124
345
352
541
223
150
493
405
-104
-535
-233
-15
154
197
-126
-362
-72
351
-121
-33
174
176
354
206
26
-330
-208
-176
-339
-356
-391
139
51
-169
3
-343
-51
18
-173
-2
-317
-534
-552
-218
11
-315
-393
125
365
47
-328
-375
-21
-138
-523
-393
-368
-183
-171
-211
153
9
175
29
-36
493
366
362
53
-178
148
177
338
520
523
548
214
165
514
355
359
213
-168
-29
159
355
29
-30
346
33
149
521
548
373
174
353
48
-363
121
353
199
-165
-25
11
-187
315
385
13
139
512
552
46
-525
-390
-27
330
373
26
152
544
47
-19
198
-333
-54
365
-128
-352
-195
157
354
200
-162
-202
168
-146
-353
-372
-48
514
396
-151
-18
182
179
172
186
30
-346
-183
-164
-188
-21
-8
-165
-349
-364
-360
-205
161
182
361
31
-528
-200
174
192
-163
-23
353
-144
-539
-389
-24
354
200
-176
141
541
26
-6
25
-525
-53
345
-141
-541
-25
358
370
212
-154
-348
-364
-376
-21
25
-523
-384
-6
175
183
13
160
542
41
-536
-361
-360
-15
364
10
182
22
-525
-382
156
363
6
-11
182
18
-186
164
188
-10
362
194
164
546
14
-15
6
-187
-5
-339
-192
175
-178
