1
-75
-11
-77
-11
-61
43
-55
41
-55
37
-89
-93
5
-5
-97
-79
55
7
-91
-55
-55
-85
-15
97
115
85
-25
-57
51
-61
-9
99
91
9
61
-47
41
-89
-91
-1
-37
-19
49
-75
-29
25
37
25
-21
5
-59
45
-49
-111
-95
-5
-49
-79
29
81
21
-49
-105
-81
11
1
89
63
99
35
-39
-69
27
55
-87
-91
-13
101
105
65
-83
-75
39
-85
-59
-67
75
47
33
-1
47
69
105
71
85
9
33
25
-39
-57
49
-39
89
69
95
29
113
117
71
75
-53
21
3
75
11
-71
3
-47
-75
19
23
-9
39
67
-31
-57
-105
-77
43
-57
53
-39
-79
-5
97
93
15
-79
-27
17
-5
61
-31
-43
-51
-65
-85
-7
-55
-87
-17
69
-1
51
89
33
-19
-17
23
-3
41
53
67
117
93
3
39
35
1
-103
-81
25
-109
-111
-67
-73
-111
-77
55
-17
1
93
71
105
49
25
119
109
49
17
93
41
5
69
-31
-61
39
67
119
125
95
3
17
117
109
49
29
-5
43
-103
-109
-71
-99
-41
7
-13
39
-85
-51
-47
-57
-67
41
-57
43
79
9
67
-25
-37
-31
-7
-79
-7
-61
-103
-55
-37
-3
-63
-103
-53
-59
-77
27
73
-3
-105
-111
-85
11
1
93
77
-25
-43
87
39
9
97
73
-45
-111
-101
-35
15
-3
-79
-9
93
61
-81
-43
-27
11
-41
-55
97
91
17
-75
-5
75
5
65
-23
-27
-1
-77
-3
-55
71
13
-51
55
-37
87
53
41
25
121
119
75
103
61
61
-85
-87
-21
47
97
55
-95
-81
1
-41
-51
-57
77
37
9
83
23
105
69
83
135
137
131
107
47
5
-95
-77
-127
-117
-79
-95
-13
-65
-105
-69
63
3
59
103
71
99
33
-13
21
-39
-51
73
21
117
111
65
71
109
67
-83
-81
1
103
99
37
9
65
-35
71
11
83
21
-39
-59
-95
-31
-125
-137
-131
-121
-69
85
79
-1
55
-55
-117
-121
-95
-17
-73
33
63
-41
-63
43
-63
7
-33
-5
67
-25
-15
35
37
15
-45
83
35
5
79
15
-55
-111
-99
-41
-5
89
63
83
-7
17
117
105
43
-5
45
31
7
71
1
47
-83
-63
-83
-11
-61
45
-49
65
-1
29
15
107
99
29
-25
-45
-51
67
7
75
7
61
-41
-83
-11
-81
-11
-73
19
19
-17
13
-19
1
-73
-7
99
77
-21
-33
-19
17
-11
47
-87
-57
-75
31
53
-61
35
-99
-87
-17
-75
15
9
-49
-61
47
-53
45
95
47
37
5
-75
-3
-65
-119
-109
-47
-1
-51
-85
1
109
123
113
73
83
-25
99
67
79
129
131
117
71
81
-27
-57
-111
-99
-33
15
3
83
45
21
-47
55
117
107
59
61
-67
-17
-107
-111
-63
-55
-39
-17
-105
-83
35
85
21
-59
49
105
71
-75
-47
103
115
95
27
-49
-107
-99
-25
51
-47
-95
-25
45
-73
-17
-91
-39
5
-41
-39
-11
-85
-23
-113
-109
-55
-33
11
-25
-1
93
91
11
-101
-105
-65
59
7
91
77
-35
-89
-47
-29
13
-3
-91
-55
-53
-67
65
17
-63
27
43
53
75
-15
-9
-105
-119
-85
27
-77
-23
-105
-95
-17
89
69
-55
29
37
5
63
121
131
111
53
27
-37
-67
-123
-127
-85
-133
-135
-111
-37
43
-79
-19
67
-9
19
-21
9
-35
-35
-9
-93
-77
29
59
115
119
105
25
-83
-71
41
85
17
107
107
37
-45
83
67
-95
-111
-81
47
-41
-79
47
-39
-93
-47
-17
73
15
-81
-39
-7
97
87
-19
-31
-15
55
-81
-75
71
51
35
1
57
109
75
107
59
39
-5
35
59
-77
-67
-103
-71
79
81
-41
83
65
85
-23
-67
39
95
39
-17
-7
85
65
-91
-121
-113
-81
61
29
-7
65
-31
-83
-21
73
23
-61
27
65
-55
15
19
-33
-47
-55
-57
-73
-119
-115
-73
-97
-31
73
45
27
-23
-47
95
113
75
111
65
53
55
55
73
-53
-17
77
19
101
95
-23
95
117
85
-55
-35
-3
87
59
71
-53
13
7
-91
-59
-55
-55
-63
-101
-29
-103
-81
-119
-123
-87
67
71
-59
-17
89
61
57
83
-25
95
111
53
29
-55
27
49
57
95
45
-11
-5
77
7
35
41
35
17
-65
31
-89
-127
-111
-47
19
25
-3
71
-5
-15
43
91
39
-43
73
45
-13
21
15
-45
-107
-111
-79
69
65
103
67
67
107
69
75
-57
-31
51
-69
-53
-35
7
-21
5
-35
-57
-89
-9
-7
-107
-127
-121
-93
27
95
97
19
83
37
-61
9
17
-65
7
21
-27
-41
-61
83
111
61
53
53
55
53
61
93
23
79
17
71
-1
1
-69
-15
-71
-7
-29
-35
13
-15
17
-5
71
29
-79
-85
25
97
89
-17
-49
-85
-19
-91
-91
49
9
59
-43
27
97
45
-39
81
113
85
-63
-83
45
-25
-89
-41
27
83
25
-73
-49
-25
25
7
93
123
111
43
-61
-25
45
91
27
103
125
101
-23
73
81
-57
-59
-77
9
43
71
-31
59
5
-1
99
125
115
59
7
59
-51
-33
59
-15
-65
47
-27
83
123
113
29
93
97
-17
-93
-93
7
3
85
111
69
77
-43
-31
35
55
101
93
-35
13
9
95
107
47
-43
67
57
3
73
13
37
77
-15
-77
-3
-19
9
-27
-27
47
-69
-93
5
37
35
-3
39
99
97
-11
-85
-81
61
87
-13
-47
-83
-33
65
5
27
47
73
-41
1
-15
23
19
-67
-1
-11
47
-61
-51
3
-35
-79
27
-57
-17
-75
-43
55
-7
-31
7
-49
63
79
-53
-47
-23
29
45
65
-43
11
61
-71
-103
-23
-71
-15
-57
51
47
-11
21
-3
43
93
27
91
103
11
21
-17
-23
25
31
-17
-17
67
33
-41
-107
-119
-95
5
49
97
69
67
117
113
23
43
87
1
-13
61
-37
45
-39
43
-3
-3
-83
-97
3
61
-59
-23
-81
-65
-49
-49
-35
3
-55
21
101
71
103
93
-39
1
-27
-73
17
95
91
-39
-17
99
125
113
51
-11
5
-45
-111
-129
-123
-101
13
91
61
53
61
107
95
-45
-31
61
-13
-49
-73
35
-47
1
-1
71
19
83
85
-53
-51
-35
-25
29
69
-41
23
89
43
-21
-35
-33
-21
29
45
55
95
61
71
-71
-109
-85
47
25
-61
39
-23
-87
-43
43
-69
-63
-51
-75
43
-35
73
103
17
71
-1
-11
65
-11
-33
-27
25
23
-49
63
63
73
-51
-31
43
93
43
-43
75
91
-29
63
15
43
63
111
115
49
-9
19
9
-97
-125
-125
-99
35
5
-107
-131
-123
-83
-115
-107
-7
23
17
-39
-89
-47
-17
77
61
89
31
-81
-91
11
61
-69
-85
27
103
109
79
-61
-53
-47
-61
-101
-55
-9
-79
-37
65
29
-63
-3
-47
73
95
5
23
-5
33
39
25
-23
-23
51
-77
-101
-31
63
-3
17
-5
51
-53
-5
-29
-47
-69
55
61
-93
-133
-131
-131
-115
-53
15
37
39
39
25
-51
61
9
63
-17
-65
57
19
-75
-25
-95
-103
-35
55
-39
75
97
3
21
-21
-15
61
-15
-9
-101
-123
-107
-13
-37
-41
-15
79
49
3
81
45
9
-97
-113
-65
-61
-99
-55
-17
81
81
-19
-67
21
39
5
89
89
-13
-47
-89
-37
21
31
-1
81
43
-39
85
77
115
105
13
53
91
27
-83
-81
41
-53
43
-29
-59
-105
-97
7
47
-95
-117
-73
-93
-15
-65
53
-3
29
35
-5
41
75
-33
75
49
25
-31
-51
-61
-107
-77
-117
-109
-39
63
27
-45
-101
-77
71
73
-41
-105
-73
-117
-127
-99
13
57
-69
-25
75
23
-69
1
-29
-7
-99
-93
27
-93
-101
-21
-87
-39
45
-77
-39
1
-55
55
-41
89
111
77
-71
-79
27
51
87
31
-33
-71
21
31
-1
81
39
13
-83
-59
-73
27
83
25
-53
61
-15
-23
25
21
-35
-69
65
27
-41
-83
-17
89
57
55
93
35
-31
-53
-101
-79
53
-7
55
-43
-99
-69
-89
-19
-75
17
53
-89
-79
41
-65
-5
-53
69
41
11
-61
37
-81
-67
-97
-37
27
25
-7
53
103
77
-61
-17
61
-53
31
61
-51
45
-73
-13
-81
-21
-103
-97
-5
-27
5
-41
-49
-69
57
-13
-7
79
19
95
53
23
117
131
125
99
-17
-45
89
65
87
-5
5
99
65
73
-45
59
-29
-57
-85
-17
-87
-37
25
29
21
-31
-35
-21
29
49
71
-37
-89
-35
21
13
-45
-61
-93
-17
-67
-125
-131
-119
-73
73
59
91
25
101
73
95
37
-29
-35
-45
-57
69
11
97
63
61
77
127
133
115
63
47
21
-67
-5
93
57
69
111
83
-45
43
75
-25
-53
-87
-15
-69
27
-109
-119
-85
27
-101
-83
43
-47
-97
-61
87
77
121
121
85
117
81
119
89
-27
-53
69
13
-99
-81
23
47
69
-29
-51
-71
21
21
-17
31
31
7
-83
-27
41
-105
-107
-49
-31
9
-21
23
1
-87
-47
-21
45
-85
-49
-37
-9
59
-35
99
103
53
31
-21
-5
61
-43
-87
-25
61
-29
-45
-51
-55
83
65
-65
-7
81
13
87
29
-23
-3
-81
-25
-117
-127
-101
-11
-37
-19
-109
-105
-35
15
5
-69
19
11
-51
73
25
-31
-43
-51
83
53
49
53
55
71
107
59
49
45
35
13
-61
-127
-135
-137
-121
-77
-101
-25
63
-3
49
-77
-33
-5
-77
3
-27
-3
-75
7
-19
19
3
-61
39
-87
-67
71
25
-9
41
-91
-69
-117
-103
-37
7
-15
45
71
-21
-31
-13
55
-53
41
-75
-19
53
-59
23
19
-19
7
-41
-51
-63
-111
-87
17
41
65
-43
-89
-41
-11
53
-53
49
109
85
-11
1
-73
-13
-95
-61
89
73
-31
109
113
73
77
123
103
19
93
39
-3
-107
-95
-21
-101
-67
-81
29
57
-57
25
15
115
127
117
81
-55
-9
57
97
59
67
-49
25
1
59
115
113
75
-73
-47
101
105
61
61
-63
-9
63
-45
-77
5
-23
1
-67
25
31
11
103
77
-47
47
89
29
-43
-81
-9
-61
43
-55
-109
-81
29
-89
-63
-65
-95
-23
47
-57
33
55
77
-29
101
121
93
-11
-23
1
83
39
17
-49
-99
-71
45
103
73
107
77
119
83
-55
-9
61
113
99
29
-31
-35
-15
-117
-137
-133
-117
-61
-43
-11
75
19
109
107
49
19
-59
21
9
93
61
73
-39
73
13
-91
-57
-59
-71
-119
-103
-17
-85
-17
81
55
65
-63
1
-35
-55
-83
-9
-57
63
3
69
-13
13
-39
-79
-1
-49
95
101
53
39
1
47
53
63
101
57
43
11
85
13
57
111
75
115
81
-43
45
-81
-55
-59
-83
15
17
-29
-17
57
-35
-63
-117
-119
-93
3
-3
85
53
49
59
-77
-55
-69
-113
-95
-1
-29
-9
77
49
59
-87
-107
-83
29
91
59
-93
-107
-57
-55
-61
-81
41
-39
-69
-121
-125
-105
-39
31
51
83
17
97
77
-71
-63
81
73
-71
-27
43
77
-23
-49
89
85
-29
95
97
13
77
9
-105
-121
-105
-23
-107
-93
15
43
71
-47
41
107
85
-15
-37
-39
-39
-25
43
-85
-65
-93
-33
49
-59
37
-73
-37
13
-31
-19
45
-75
-19
-103
-115
-75
73
75
-57
27
49
69
-31
-83
-13
-89
-75
73
85
-5
5
-79
-25
63
-15
1
-73
1
-31
-35
-5
-71
31
-91
-109
-53
-29
29
31
7
97
105
37
-35
-83
-29
29
45
53
95
35
-51
61
3
53
-77
-77
63
19
-65
35
-81
-69
-107
-89
45
-21
3
-47
-95
-55
-61
79
99
51
57
-87
-123
-123
-117
-59
-37
17
33
31
13
-73
-29
37
49
63
109
113
81
-75
-105
-83
27
87
43
3
79
35
-51
53
-27
-77
7
15
-41
-87
-3
3
-93
-71
-103
-91
19
87
71
-71
-65
-87
-17
-85
-49
9
-13
51
-59
-9
-63
17
63
-57
-3
-23
1
-69
-9
-59
47
-11
-31
15
-13
31
65
-63
-43
-23
53
-61
-5
-25
-21
57
-53
3
-5
67
-3
9
-47
63
37
-47
71
79
-59
-35
43
-79
-107
-49
11
-11
21
7
97
121
101
-1
-35
-59
69
49
31
-5
57
-27
-101
-77
-103
-65
-55
-59
-75
51
25
-75
-37
51
-31
-103
-105
-13
-39
-55
-59
-93
-45
19
41
75
-17
-77
5
-7
53
-49
5
29
-25
-55
83
129
127
79
103
33
89
69
53
75
-47
-5
-65
-25
87
113
91
-39
9
-1
41
87
37
-45
55
5
17
-5
51
-63
-53
-3
-77
-53
-1
-33
-45
-45
-43
-35
-13
81
73
103
73
87
1
-37
-63
59
47
-7
33
47
57
83
11
53
-71
-107
-83
57
81
-45
41
-29
-107
-117
-71
-57
-81
7
73
-3
-19
63
3
-21
19
-1
77
81
-55
-53
-45
-69
53
39
-19
-23
51
-27
-115
-133
-133
-117
-35
-85
-45
53
-15
-63
59
79
-57
-27
-97
-125
-123
-73
-51
-19
-99
-117
-91
15
99
111
95
-7
-73
-9
-65
-33
79
93
5
7
-55
37
-61
-85
57
79
-55
-81
59
57
41
63
-53
-59
-83
-35
79
87
-29
63
59
9
49
111
119
67
49
39
-7
-7
81
67
61
99
35
97
119
67
39
-7
-17
35
57
93
63
53
77
-55
-77
57
55
29
-41
69
77
97
65
73
-53
-55
-69
47
31
-63
27
-73
-107
-49
39
-69
-89
45
3
17
-7
37
93
51
-11
-15
61
-31
51
13
63
1
1
-75
-63
-47
-45
-9
-77
-27
-85
-75
-89
-15
-23
3
-57
45
5
21
27
-45
59
49
-3
33
71
-47
-33
61
3
7
-59
37
-49
-11
-25
-31
15
19
-53
41
-11
-67
51
41
-27
-77
7
41
69
-23
-99
-101
-7
13
-39
-63
-103
-77
-73
-121
-133
-117
-61
-27
63
49
37
21
-79
-91
13
73
-13
-71
23
95
87
-43
9
29
-47
31
109
123
111
51
-23
-47
-65
-117
-135
-131
-113
-41
67
53
41
37
23
-31
-61
-113
-129
-117
-59
39
-35
-107
-111
-81
71
123
113
65
53
81
-17
-101
-105
-43
51
-47
13
77
3
11
-27
-39
-27
13
-15
-9
85
79
115
115
31
97
105
39
-77
-93
-1
-9
55
-13
-45
-67
53
39
-49
59
17
81
53
23
-35
-87
-25
-89
-75
-99
-49
45
-59
-11
-39
-81
29
-65
-19
-53
-119
-129
-111
-21
-47
-97
-41
63
29
-43
-97
-57
-15
-103
-125
-81
-95
-19
-75
1
29
-3
69
-29
83
113
69
85
-31
31
59
71
123
135
135
123
41
113
121
75
95
3
-13
37
53
79
-29
73
61
19
109
131
121
69
59
81
-47
-21
79
49
23
-53
47
-41
31
97
55
11
97
115
83
-69
-95
-31
41
91
51
11
95
93
-33
55
-15
-67
59
25
-73
-45
-15
77
45
15
-67
5
11
-81
-59
-67
75
101
37
-45
65
17
71
7
53
-65
-55
-41
-47
-39
-5
-43
-61
-103
-69
-83
5
35
41
63
-77
-85
15
33
15
-57
55
19
-93
-103
-41
37
77
-7
-7
89
85
-43
43
-75
-79
53
17
-83
-77
71
57
77
-21
-53
-99
-71
-85
25
-89
-109
-41
25
37
31
3
85
75
-81
-105
-59
-69
63
31
-9
51
-81
-95
-27
75
37
-13
29
31
-15
-9
75
9
49
95
21
99
87
-43
47
-59
-3
-41
-79
9
13
-57
67
45
15
-69
