20
24
27
27
30
40
66
70
70
67
64
44
-26
-2
-37
-3
-29
26
-5
6
-10
4
-19
-28
-42
6
3
-40
-8
43
39
-17
-42
-5
-45
-34
45
55
40
-23
21
47
15
-26
31
2
27
-37
-32
46
52
29
31
-35
-26
-37
14
37
-5
8
-12
-6
32
-18
-37
10
28
-38
-25
-18
-6
32
-4
8
-4
24
-38
-31
-38
10
24
35
-18
45
44
-4
-3
35
-12
-29
39
33
-37
-28
-23
-27
-34
23
-21
35
11
51
58
43
-11
-29
-53
-48
1
-15
-6
41
28
35
-33
-13
18
27
41
-3
6
-23
43
39
-18
-38
2
-17
-28
45
53
36
-38
-25
-26
-41
1
-11
8
0
43
35
-40
-40
11
18
13
-5
19
37
-12
-30
-52
-39
28
-9
0
48
37
59
58
36
-40
-51
-22
-4
-37
14
-46
-47
-6
-29
37
33
-35
-19
3
-23
-38
17
-38
-8
-48
-29
-22
-11
25
-32
4
-5
25
-37
-17
20
-49
-55
-26
-6
-44
-23
8
1
-40
-7
-40
-2
-24
-39
20
-30
19
-39
-25
-15
-5
47
39
-21
35
2
20
19
4
49
48
14
-25
-55
-58
-44
9
25
48
29
30
44
-3
-3
27
54
46
-7
-9
10
-9
3
-18
-17
-4
-50
-46
9
27
-36
-6
-39
-11
34
-2
25
-36
-8
-47
-36
-50
-20
20
-34
-1
-21
-36
18
41
4
28
57
53
10
44
19
-9
0
-30
-60
-64
-62
-44
13
44
26
26
32
48
8
30
60
61
45
-11
-31
23
-33
1
-20
-23
-20
-10
26
-34
-10
35
0
23
35
-23
21
49
23
3
35
1
21
-51
-64
-59
-38
-51
-23
9
12
6
-24
-43
-3
-24
-33
-49
-26
-13
16
35
-14
-34
24
-25
27
-11
-17
-13
-1
52
59
47
3
27
-43
-47
-2
-26
-48
-22
13
27
-41
-33
-41
4
-4
27
-23
40
33
-42
-46
-11
40
15
-11
8
-1
-54
-64
-63
-46
24
-2
-59
-67
-61
-41
-60
-51
3
11
9
-22
-40
-4
50
54
33
45
12
-45
-42
11
26
-42
-43
14
40
2
27
-35
-11
28
-22
-49
-25
-6
-48
-32
-33
-46
-6
-37
5
0
44
37
-27
19
-48
-57
-40
25
-9
-9
20
32
62
60
45
-14
47
41
-25
9
1
43
16
-6
20
-52
-65
-67
-67
-56
-23
10
17
19
21
14
-16
54
63
63
53
20
-17
-38
-1
-33
13
28
52
41
-20
33
-6
-7
13
4
53
59
41
-23
12
20
11
-23
34
9
50
49
16
-15
-28
-51
-44
5
21
34
-15
-41
-8
45
41
-13
-25
-38
9
11
-12
-4
44
41
-16
-44
-18
10
6
-21
-29
-44
-1
-25
-45
-11
42
34
-41
-31
-39
7
10
-10
8
-13
-4
40
20
7
-38
-14
17
25
42
10
-34
3
-14
-10
12
14
-4
22
36
-16
41
24
16
-1
28
-22
-53
-40
-61
-58
-33
-30
-34
36
24
19
8
55
60
37
53
29
22
9
-34
-11
25
53
50
13
-34
4
-12
-6
-51
-44
11
-51
-52
-11
-46
-26
-15
16
30
-29
5
-7
12
-1
33
-4
8
-1
-52
-55
-34
-38
29
5
-45
-32
43
50
19
5
-40
-29
-36
15
43
14
-21
46
46
1
17
11
-17
-31
32
9
-27
-54
-34
-36
-63
-60
-38
-41
19
-22
-49
-31
49
64
63
59
37
49
15
-33
-4
-42
-18
10
9
-13
-3
-39
-5
-29
-56
-47
2
-6
21
46
29
30
-40
-38
20
-40
-16
21
-41
-26
-19
-3
-44
-22
2
-14
-3
-39
-4
-37
6
5
-31
24
-26
28
-13
-30
43
39
-11
-19
-21
-21
-29
42
43
4
35
-9
-18
-26
40
35
50
44
-10
-25
-46
-19
4
-14
-6
38
10
-34
12
26
-46
-57
-42
26
-5
18
-49
-57
-31
-33
-49
-21
12
13
0
41
15
-21
41
26
20
18
8
-22
-49
-31
-29
-34
-54
-32
-36
30
3
38
13
-20
-25
-34
-61
-64
-57
-23
22
-28
-59
-58
-42
20
54
54
30
29
44
-2
3
-41
-21
-6
36
10
-35
3
-6
16
19
14
-7
12
8
-19
-28
-51
-39
35
24
32
-20
-47
-31
-45
-11
45
47
15
-21
-39
3
-2
-52
-54
-27
-10
33
3
-51
-43
15
-49
-59
-45
13
45
30
-45
-49
-14
25
-29
17
-44
-41
15
36
-7
-7
25
47
11
48
41
-21
28
-21
-50
-41
22
-17
-27
-32
-49
-29
-22
-11
29
-16
-29
34
5
31
62
67
65
57
21
-7
0
-41
-13
-57
-63
-52
-5
-19
-9
-55
-52
-21
5
2
-35
7
8
-24
37
19
0
39
10
-29
-62
-69
-72
-74
-68
-51
-70
-72
-69
-62
-41
33
24
23
28
36
59
41
63
66
61
41
-32
-16
0
-38
0
-14
-1
-37
2
-10
9
5
-32
20
-42
-36
34
15
-10
-6
26
51
28
27
36
-22
24
-38
-22
-7
30
-9
-11
11
-3
25
52
40
-26
13
15
-7
8
-5
30
-20
-50
-40
14
30
57
56
33
43
-5
-11
0
-38
-9
44
36
-32
-2
-35
10
12
-4
28
-27
25
-21
-52
-46
-7
50
57
51
22
5
-48
-48
-9
-50
-35
-44
10
30
-33
3
-13
-7
36
-1
29
-32
-12
25
48
31
35
-26
8
-3
20
40
2
24
-42
-38
25
-20
-43
-12
25
57
60
52
16
-26
23
-33
-7
-46
-36
40
38
-7
0
-44
-28
-35
29
6
-40
-1
-23
-32
-54
-43
19
-35
-8
46
35
54
43
-21
17
28
38
-18
37
12
54
54
14
54
53
26
12
-21
-50
-39
19
49
36
53
35
47
6
25
36
-30
-8
40
20
-1
30
-26
13
23
25
32
49
16
58
64
60
45
-16
-48
-45
0
-26
45
53
32
38
-17
38
11
-40
-13
26
-24
-58
-53
-13
-51
-34
-34
-51
-24
-4
-35
23
-19
-41
1
-22
49
63
60
45
-17
40
14
-31
7
2
43
26
17
-3
21
25
31
49
26
15
-10
-14
-8
26
51
33
45
1
12
-3
20
37
-15
-35
13
18
5
51
55
41
-18
-56
-60
-53
-8
-27
-36
-58
-55
-21
13
31
-23
-51
-43
6
3
49
51
28
31
-43
-55
-42
14
39
-1
21
30
45
9
44
21
-7
1
45
28
22
24
29
-45
-53
-29
-24
-13
20
-44
-38
28
-4
16
28
-39
-24
-26
-33
29
-3
15
5
53
58
48
8
-52
-60
-53
-12
-54
-48
8
21
34
-26
19
41
-4
-2
37
6
38
-4
-3
28
53
36
55
42
-21
26
-33
-15
11
-2
44
33
-33
-8
-53
-59
-43
20
-14
-9
-55
-57
-34
-35
-48
-15
-52
-41
23
-16
-19
-6
-47
-28
-24
-18
-3
-39
2
-5
26
-30
5
-5
17
26
40
0
17
15
-10
-4
38
13
-22
-43
-15
16
22
29
47
18
-19
48
58
38
-38
-35
33
8
-33
17
-42
-33
-52
-38
41
40
-19
44
35
53
26
7
45
26
27
-49
-62
-64
-57
-25
11
-54
-66
-63
-50
4
20
-53
-62
-51
-13
30
-7
12
14
4
-41
-28
-30
44
49
15
-22
46
48
9
-46
-38
32
5
-47
-43
15
44
19
4
-41
-13
21
-44
-35
-48
-11
-45
-24
2
-20
-19
-4
-42
-10
-46
-22
-3
-33
20
-36
-5
-37
1
-16
-11
25
-26
22
-36
-14
19
37
-10
-15
2
-30
29
-10
-12
5
-23
47
54
38
-30
2
-20
-40
1
-7
23
-38
-24
-11
14
24
35
-21
30
-15
48
48
10
54
46
-8
-27
38
22
11
-19
-25
-31
-53
-38
-50
-16
27
-19
-34
31
5
-45
-30
-28
-32
-58
-50
-1
-8
27
-19
-43
-13
18
31
55
54
18
-19
45
39
-26
9
11
-18
-29
35
11
50
41
65
67
60
33
29
35
-31
-4
-43
-24
-8
31
-7
-1
-32
17
-42
-35
-44
-4
-18
-16
4
-15
-9
18
34
-25
17
35
-19
36
4
38
3
31
-14
-32
-51
-36
-51
-26
-9
35
11
-24
-38
14
-53
-65
-58
-30
-25
-14
11
18
16
1
34
-14
50
55
30
31
41
-9
-31
21
53
44
-7
-14
-3
33
-18
46
47
2
25
39
-9
-26
41
24
8
56
65
58
31
27
25
14
-25
24
60
61
56
24
0
28
-34
-10
-56
-62
-55
-19
23
-34
8
14
5
-41
-13
29
-16
-29
-44
-7
-43
-23
-6
43
38
-29
6
-6
13
13
-4
26
-40
-34
36
22
22
27
-39
-32
-49
-25
-11
27
-22
36
19
-5
19
33
-21
-57
-59
-44
19
-23
-36
-58
-56
-28
-22
-6
40
23
15
-4
22
-50
-57
-39
-61
-58
-27
5
3
-29
-57
-51
-8
-32
-54
-37
-48
-19
18
41
14
-19
-37
7
-6
17
28
52
38
-35
-31
41
36
-26
19
-40
-29
-35
24
-12
-17
4
-19
-23
-24
-19
-3
-43
-12
30
-8
-4
-41
-9
-47
-36
-44
-1
-12
0
-28
38
31
-43
-46
-3
-24
-36
18
-35
-11
26
55
60
40
-25
7
-8
4
-29
29
-2
14
11
-24
47
50
16
-17
-32
32
2
-55
-58
-34
-36
-57
-48
6
13
1
41
27
35
-21
-54
-58
-49
-9
44
49
24
18
6
-43
-39
18
51
48
12
-37
-10
27
-29
7
6
-30
20
42
8
44
20
-1
29
-24
-61
-67
-70
-64
-41
-42
-66
-68
-66
-49
14
-31
-62
-68
-61
-36
-33
-39
-61
-59
-40
30
5
46
31
37
63
59
35
36
59
44
-20
24
55
43
-19
35
4
30
-24
26
-10
-24
-40
-6
49
56
43
-13
-34
12
9
-23
47
56
45
-10
-26
41
17
-19
50
61
56
25
12
-21
-44
-11
-50
-38
-53
-29
-19
-1
-31
33
17
-7
6
-26
40
24
21
13
-19
45
35
55
52
16
-20
-47
-25
-10
-59
-60
-39
-50
-11
-39
4
8
-14
-10
11
2
45
30
37
-24
17
24
29
44
6
37
-7
-11
1
47
37
58
51
5
23
29
37
-18
38
17
-12
-8
29
-20
-53
-50
-14
23
54
51
25
13
-24
28
-25
19
45
18
-8
-2
38
0
16
24
31
-36
-25
-28
42
42
-5
8
-17
-24
-33
33
10
-36
-5
49
51
23
8
-33
7
1
-47
-33
-38
22
-21
-44
-3
-20
-21
-23
-19
-9
