133
124
141
117
116
137
377
369
380
365
386
374
-361
117
-385
123
-363
371
-117
121
-119
129
-133
-123
-387
155
121
-388
-111
378
376
-128
-378
132
-387
-375
403
376
351
-374
134
377
116
-382
377
-121
356
-376
-368
390
372
132
363
-374
-123
-371
136
368
-137
129
-132
-113
385
-152
-356
131
371
-386
-125
-123
-103
357
-119
118
-113
373
-384
-140
-362
137
123
364
-381
402
339
-136
-110
383
-152
-353
405
354
-364
-141
-106
-160
-335
367
-370
372
-101
377
371
367
-139
-140
-384
-377
151
-138
-112
381
123
372
-407
-121
129
139
372
-137
107
-369
423
349
-167
-364
143
-155
-354
415
372
361
-404
-100
-126
-376
147
-133
110
-112
394
342
-402
-353
153
122
100
-123
146
369
-132
-147
-391
-342
388
-163
-99
386
117
393
390
343
-388
-372
-103
107
-372
380
-401
-355
110
-357
409
340
-376
-101
135
-161
-350
381
-395
135
-404
-120
-133
-94
361
-388
151
-115
365
-410
-75
359
-418
-360
-103
98
-375
-118
148
91
-376
137
-392
163
-170
-348
361
-377
379
-396
-117
-115
-124
422
330
-389
398
-139
154
109
-110
398
364
104
-154
-373
-399
-341
149
120
377
110
150
365
-159
-114
155
391
347
-151
-97
124
-116
106
-143
-95
110
-401
-356
179
343
-401
128
-390
-72
368
-117
349
-384
136
-395
-124
-385
-79
333
-380
143
-172
-356
182
342
-131
146
384
358
-128
399
101
-120
115
-146
-390
-379
-392
-325
156
363
92
133
148
353
-144
152
400
381
337
-162
-333
367
-393
164
-160
-127
-138
-84
361
-412
-63
356
-144
176
324
-381
167
384
84
-90
360
-109
364
-424
-375
-357
-127
-376
-94
146
117
107
-161
-342
139
-145
-152
-367
-116
-96
147
368
-169
-339
360
-368
397
-165
-121
-130
-87
392
383
336
-118
366
-432
-334
149
-166
-366
-107
162
343
-393
-145
-347
134
-101
343
-381
441
311
-420
-359
-71
390
85
-123
149
104
-411
-360
-389
-329
414
88
-412
-376
-358
-130
-397
-349
153
110
130
-170
-371
-79
396
353
139
376
84
-408
-338
177
327
-416
-341
156
362
-121
362
-416
-62
358
-177
-365
-87
115
-396
-97
-161
-356
129
-375
156
-115
411
325
-366
377
-425
-379
-321
380
-153
-108
128
136
406
361
328
-372
436
318
-381
146
-114
410
79
-90
356
-421
-361
-368
-397
-360
-107
135
116
123
132
82
-358
446
342
398
347
118
-161
-349
129
-387
163
137
396
315
-360
391
-154
-105
118
-115
391
391
316
-372
135
130
90
-346
379
-124
408
357
97
-124
-141
-384
-343
115
149
355
-159
-365
-99
396
358
-147
-134
-367
151
108
-137
-101
397
347
-154
-360
-119
138
106
-120
-130
-364
167
-159
-358
-88
415
366
-398
-116
-370
149
112
-114
134
-163
-107
381
115
115
-384
-122
131
128
375
92
-371
127
-147
-100
115
125
-143
158
323
-359
401
102
113
-113
383
-158
-361
-131
-379
-360
-115
-141
-350
403
116
110
-112
391
365
111
379
115
126
97
-380
-132
136
371
379
108
-403
151
-122
115
-380
-337
353
-412
-350
134
-385
-117
-117
151
355
-366
135
-129
138
-126
375
-129
132
108
-382
-365
-129
-375
398
110
-393
-351
389
377
110
123
-366
-149
-357
136
367
103
-366
398
356
-131
146
118
-138
-358
397
112
-126
-379
-120
-124
-384
-353
-135
-362
372
-133
-382
-373
383
373
365
381
119
361
124
-363
128
-384
-115
127
136
-134
128
-369
132
-137
-376
-374
141
-129
130
373
135
360
-367
-369
381
-390
-120
374
-372
-120
-118
139
-376
-120
117
-121
123
-372
146
-386
134
133
-382
388
-386
367
-114
-390
390
367
-128
-111
-134
-114
-376
365
373
-126
377
-127
-119
-380
364
144
348
394
-123
-130
-383
-122
116
-114
-124
378
136
-394
132
387
-358
-379
-386
383
-123
370
-350
-389
-119
-129
-371
-133
122
132
-134
375
130
-372
368
131
111
133
129
-102
-351
-139
-119
-122
-371
-121
-394
382
-108
363
137
-129
-118
-112
-376
-363
-375
-153
393
-110
-374
-376
-402
122
374
379
132
107
389
-115
134
-374
-127
-134
364
162
-382
94
-115
115
130
135
-120
111
132
-120
-109
-355
-419
371
125
373
-93
-368
-132
-375
-158
360
403
142
-113
-377
92
157
-344
-385
-136
-134
366
162
-354
-395
372
-331
-392
-385
97
368
401
-350
-388
-157
380
-347
351
-324
-393
87
382
-109
-132
106
396
-107
333
418
-357
348
-87
-354
-406
356
-92
-130
-127
-352
-153
-109
-148
361
-82
-387
341
-90
100
364
388
365
402
135
-122
131
-359
89
-336
-391
-410
128
-125
120
-345
-374
-138
87
149
-348
82
160
-366
326
167
-145
366
157
-112
-353
-370
-375
-374
-371
-133
-339
-375
-370
-368
-409
334
165
116
139
118
385
118
338
387
367
393
-336
-174
125
-365
82
-117
131
-370
101
-109
102
156
-365
342
-298
-409
331
157
-103
-130
94
374
144
105
388
-339
343
-329
-165
-141
347
-74
-149
118
-117
85
363
419
-340
70
159
-122
105
-125
337
-62
-366
-405
84
117
353
391
110
376
-75
-144
105
-327
-195
348
423
-345
102
-366
74
150
-124
363
-337
299
-46
-359
-383
-162
334
376
380
132
155
-337
-406
126
-335
-146
-375
58
407
-328
74
-79
-176
364
-103
349
-288
-182
89
378
134
376
-323
65
-93
62
388
-93
326
-286
-420
324
-53
-379
-156
81
357
384
379
173
-371
326
-299
69
-313
-416
302
405
-88
122
-329
-123
-390
319
193
-361
94
-88
-130
-323
-422
330
-285
-202
357
148
329
426
-317
46
124
384
-350
306
-85
299
418
-94
297
387
157
120
-94
-363
-404
57
371
148
360
128
374
-81
79
389
-294
-225
340
181
-148
357
-317
40
134
120
112
372
-91
297
387
354
398
-68
-354
-424
108
-361
293
412
130
382
-320
292
189
-344
-176
351
-57
-362
-397
97
-326
-145
-98
-357
-162
149
-365
312
-34
-409
114
-344
270
412
358
418
-352
295
187
-354
55
-107
326
164
127
-120
94
114
117
362
154
113
-91
-145
-147
89
371
133
378
-92
84
-104
74
383
-64
-375
70
150
-129
327
379
394
-57
-366
-370
-411
93
-80
-111
-341
-393
-161
96
391
-75
-344
-410
85
-105
324
400
119
383
-297
-395
-387
61
386
-93
104
107
372
-103
323
169
-104
-161
342
166
112
119
381
-312
-396
-147
-126
-137
350
-294
-424
336
-72
63
396
-318
-158
-99
-387
331
-84
114
-125
337
373
390
172
-351
-377
-402
118
-331
-409
106
111
396
-327
64
374
-77
-162
358
-98
342
-78
-135
82
379
121
356
410
-368
346
-314
-180
138
-129
324
417
-327
88
-319
-389
-403
348
-86
125
-323
-385
-151
-96
-364
95
-325
-407
353
-73
-153
132
-350
-147
-115
-118
124
-364
98
-123
366
-338
90
-115
100
107
372
-101
108
136
-116
-141
353
148
-112
-366
-155
117
130
126
357
157
-381
326
402
388
-326
-412
337
163
-367
353
-333
-140
-349
-405
346
415
-381
347
117
370
146
-113
351
121
381
-341
-370
-383
-363
-164
375
-321
-388
-366
-379
101
402
-347
-386
-379
-132
373
-105
114
115
142
-364
-128
-375
348
381
150
-388
355
373
144
-366
-406
365
142
-353
-404
99
385
118
144
-361
-140
366
-346
-123
-380
122
-348
-142
144
-118
-128
147
-383
120
-366
-131
133
-359
378
-367
129
-371
133
-121
-143
372
-354
358
-361
-125
108
397
-115
-142
138
-393
379
-110
-131
122
-380
367
366
389
-385
127
-112
-373
113
-125
379
-359
-148
-122
113
126
380
-383
377
-369
366
361
-131
385
368
-111
-395
371
133
137
-124
-120
-119
-371
-138
-370
-111
375
-118
-383
385
128
-368
-117
-122
-105
-381
-375
134
-123
371
-127
-376
-124
118
135
367
386
110
-374
376
369
-364
114
134
-143
-373
380
-118
366
122
389
359
377
117
126
364
-385
130
-380
-130
-111
386
-132
119
-366
369
-370
-132
-370
129
-125
-113
118
-142
-106
110
387
-388
139
362
-372
388
-139
379
-130
376
-129
-142
-366
-117
-384
-116
-113
392
112
-137
-353
384
-395
-375
-372
-105
-149
-94
106
130
115
-126
368
-373
392
356
107
148
359
-150
-371
146
384
355
-133
-134
-114
377
-387
409
349
-137
145
353
-145
-360
394
101
-126
376
384
353
105
123
121
112
-383
136
393
352
376
110
-132
369
-381
136
-398
-360
-379
-90
374
-400
164
117
121
-410
-74
377
-143
-132
-361
140
-386
-110
-106
397
359
-395
151
-130
123
112
-108
367
-411
-337
390
98
150
331
-380
-126
-379
-115
-111
367
-365
392
101
-127
137
378
-150
-395
-370
-338
395
-151
-132
-374
-359
-105
-133
-88
379
113
118
-103
383
-433
-348
-109
-388
-362
-115
144
119
-135
-380
-350
147
-166
-355
-134
-361
-112
158
370
100
-142
-358
146
-132
124
143
403
320
-406
-338
426
313
-358
366
-412
-114
-338
389
-150
-114
135
-139
-126
-122
-116
109
-407
-54
356
-111
92
-375
127
-383
-131
-357
144
-117
97
-361
435
318
-413
-331
141
-175
-318
360
-405
-85
157
369
409
314
-378
150
-138
113
-369
397
-141
136
93
-383
449
351
82
-157
-330
424
59
-411
-359
-93
-159
-379
-334
167
91
-94
382
121
362
-187
-374
-373
-366
-57
386
353
113
129
91
-406
-350
166
396
351
91
-401
-63
344
-379
170
82
-376
180
352
-114
389
80
-85
370
-167
-386
-364
-379
-356
-104
-130
-386
-357
-379
-309
406
-189
-361
-389
-344
-112
-114
-147
-380
-370
-318
393
-133
399
86
145
399
339
105
143
409
292
-392
175
399
311
-377
394
-130
348
-377
393
-151
-128
-374
-72
404
378
334
-182
-353
171
71
-370
437
364
330
-188
-332
426
55
-349
427
355
374
102
122
-164
-345
117
-384
-131
-366
-90
-121
116
-373
420
78
-110
103
-368
422
81
142
79
-336
404
105
385
365
94
-153
-366
-87
113
-428
-326
-134
-371
107
-359
152
94
-138
-95
113
-114
388
123
338
-403
176
102
144
354
-116
369
-171
-125
-99
388
111
403
335
-137
133
150
314
-357
421
77
-144
-99
388
-171
-378
-372
-89
147
399
343
111
92
-345
372
-400
196
367
90
-139
-81
372
-142
133
153
344
-411
-119
-335
436
325
-133
142
-142
-161
-335
411
82
-395
-74
405
344
110
102
-377
168
85
-384
-135
-327
393
-180
-344
133
-150
-103
-140
-118
-110
166
346
-117
389
-147
131
-125
379
111
393
90
-394
-372
-361
-106
149
98
-416
-365
-349
159
-181
-355
143
144
349
-409
-112
-97
397
350
-129
126
-128
144
123
-167
-357
147
113
-150
-377
-119
-95
385
101
397
102
-125
133
136
362
-416
-371
-363
433
349
-146
132
128
390
90
-143
-355
428
331
-394
-370
-120
-123
-349
373
-411
-345
377
-156
-117
-112
134
396
378
339
-134
128
-135
112
-355
407
90
-404
-347
155
-143
-377
-354
151
361
-390
-107
-382
-97
378
-117
118
-146
-365
154
382
102
-400
-116
-106
365
-388
-364
131
-120
148
365
-397
-111
117
118
-121
374
-381
155
-143
-392
-351
-114
374
-383
-131
-382
-379
154
354
-369
383
123
354
-115
376
-149
-387
-85
378
120
384
380
109
-398
-364
-112
105
-376
-362
141
109
-373
129
-390
-117
388
108
-120
113
-390
148
122
125
113
-378
382
-140
-116
-140
-367
390
363
364
-125
393
369
120
-379
379
113
135
-393
-359
391
122
370
117
-361
-154
-377
-105
114
131
-375
383
122
-375
398
105
-135
-375
-383
384
118
120
389
122
366
117
387
377
-376
-125
126
379
-375
384
-391
149
-129
379
-128
-127
377
-366
-386
-124
-125
114
376
-389
-373
365
-371
374
-123
113
396
364
-112
-126
-388
377
-388
378
386
-122
-144
-103
374
130
-128
-139
396
-370
-363
-389
-127
123
371
-350
-381
-390
116
-123
383
-356
-382
-142
122
131
379
-351
-392
118
-119
-130
369
-366
-127
112
391
-375
-116
115
-373
362
-112
122
-360
102
-119
-104
-377
117
-119
110
375
-113
-128
109
138
-124
357
399
-381
360
129
132
123
-136
363
117
373
380
144
132
120
383
-353
90
370
383
363
-112
369
-84
122
-368
334
126
377
144
-377
357
126
380
-345
-419
363
131
372
-109
98
385
122
363
-88
-392
357
-329
-172
365
391
363
396
-365
102
155
-369
112
-132
375
-101
-379
357
-332
-390
-139
-130
-114
-134
117
133
-130
369
-96
111
-85
-370
-386
-119
-378
98
379
138
128
-111
-143
364
-326
-145
-363
-142
103
398
-359
344
151
-372
343
-117
359
136
160
-125
-112
-352
-401
-117
-361
-165
361
141
130
-106
-387
99
119
364
126
356
393
-111
-144
95
387
-356
304
428
-353
313
-97
337
170
-139
333
397
136
121
124
114
150
-359
-148
-109
-114
-120
-374
110
-127
353
-99
324
416
-316
-388
-144
-343
-408
339
-284
-425
326
150
347
432
-337
-142
-360
-170
131
-97
107
-95
-380
106
-342
-389
82
352
402
-347
59
390
-95
113
-127
355
-92
344
173
-331
-384
-129
-335
-382
-400
75
144
-88
-352
-387
-154
343
146
350
156
135
-314
-403
-154
109
367
164
-318
-401
92
-107
96
158
-332
-163
108
139
-96
-380
98
-359
311
137
353
415
-345
312
135
389
-340
317
-50
-383
-188
372
-56
-135
-129
-362
65
353
399
-107
324
397
-84
106
-92
-353
-415
312
196
-357
-145
-350
-148
-332
-403
100
-74
-402
328
135
379
-303
-185
-100
-363
-172
363
-326
302
-45
-384
47
397
-68
-144
-122
-149
338
-63
-148
345
-74
63
358
417
-313
-159
-380
332
-318
334
-329
294
381
382
-73
-152
339
178
-375
296
421
-313
-380
-414
322
173
-131
102
105
357
163
114
149
-108
-135
77
351
399
127
386
-345
322
-298
36
384
-97
318
404
-98
335
-59
-360
-418
323
141
357
387
120
357
131
377
-327
56
383
-297
-182
351
-86
344
-81
121
-329
-151
-352
-139
-374
94
-345
301
172
-93
-145
123
-84
-358
-376
-163
141
-346
-148
-327
-386
102
-347
90
-83
-356
-159
122
-117
82
360
168
-358
66
151
-116
100
136
-111
328
165
131
-91
-359
-379
-380
-123
-352
-131
-339
-375
-401
340
171
-100
-350
-383
-143
-339
-391
-127
-332
-418
321
187
127
-92
-371
-145
-347
-147
-359
-148
-373
330
156
-109
-386
305
399
122
125
357
386
163
-357
-146
-135
138
-334
-399
102
-109
115
-347
71
405
-330
-397
99
-110
331
-74
85
396
-319
-391
-126
-384
337
-78
77
148
-112
-139
-117
-388
332
135
376
-121
327
383
131
370
-89
-369
-395
87
393
-94
-123
-368
-161
358
-90
-142
352
171
-361
-168
-112
112
119
135
-368
349
-339
306
401
132
-123
-140
364
168
-348
-383
-149
123
120
140
-347
-381
103
-117
-114
-380
96
393
-340
-161
358
385
-120
373
-351
102
138
-117
-376
-158
377
-96
-373
-126
-382
92
373
376
143
-120
-125
358
-359
108
123
360
-352
-160
382
-112
-137
373
-346
91
378
394
-351
-152
379
-115
119
-109
138
-370
-123
-375
103
136
-368
106
-107
-143
361
141
-115
100
390
-347
-385
-369
-384
367
-122
134
118
121
358
380
139
-126
-130
-113
119
-353
-375
-143
377
-360
118
-353
-391
118
375
-116
121
-362
-156
376
-109
-389
128
-386
116
362
386
373
-354
356
-123
122
-377
377
-126
-106
-376
137
-125
-134
-127
366
390
-369
-136
386
-369
-390
384
-382
134
368
-358
-141
-118
390
-125
381
-371
377
-364
-141
-367
-129
375
363
-362
379
132
-382
-385
384
-118
-378
-377
130
362
371
373
130
375
-111
104
-372
119
