41
49
55
55
61
81
133
141
141
135
127
87
-51
-3
-73
-5
-57
55
-9
13
-19
9
-37
-55
-83
15
7
-79
-15
89
79
-35
-83
-9
-89
-65
93
111
79
-45
45
95
29
-51
63
5
53
-75
-59
95
103
59
61
-71
-51
-71
31
73
-11
17
-25
-9
65
-37
-71
25
55
-77
-49
-35
-9
65
-9
17
-7
49
-79
-61
-73
25
49
69
-35
95
85
-11
-3
69
-27
-53
83
63
-75
-55
-45
-55
-63
47
-41
73
25
107
115
83
-25
-59
-107
-91
5
-29
-7
85
57
67
-69
-23
39
55
81
-7
11
-43
93
75
-41
-75
7
-37
-51
95
105
67
-79
-47
-51
-81
7
-21
17
3
91
63
-85
-75
27
37
23
-11
43
71
-29
-61
-105
-69
59
-19
5
99
75
121
115
67
-85
-97
-39
-9
-71
29
-97
-89
-9
-53
83
59
-73
-31
7
-49
-71
35
-77
-17
-97
-55
-41
-17
49
-65
13
-7
47
-79
-25
37
-105
-105
-47
-15
-89
-41
17
-3
-79
-13
-79
1
-53
-71
39
-59
39
-81
-45
-29
-5
101
71
-41
73
3
45
37
13
105
93
21
-55
-111
-115
-79
27
53
97
57
65
87
-9
-3
61
111
85
-17
-15
19
-17
5
-39
-31
-11
-103
-83
29
49
-73
-11
-79
-11
67
-3
45
-73
-15
-97
-71
-97
-29
37
-71
1
-49
-65
47
79
9
63
117
101
21
91
33
-19
-1
-65
-123
-129
-121
-77
37
89
49
55
69
93
15
69
125
121
83
-29
-55
45
-67
5
-43
-45
-39
-13
49
-73
-7
69
-1
53
63
-45
53
97
39
9
69
1
39
-111
-127
-113
-75
-99
-37
23
25
9
-53
-79
-3
-49
-67
-97
-47
-19
39
67
-37
-59
47
-47
59
-29
-33
-23
9
111
117
87
7
49
-95
-85
-3
-59
-93
-35
33
47
-87
-65
-75
11
-3
51
-43
89
55
-93
-87
-9
81
23
-21
19
-9
-115
-125
-123
-79
53
-15
-125
-133
-119
-81
-121
-93
13
23
15
-49
-77
3
107
105
67
89
13
-93
-75
31
45
-93
-75
37
77
3
49
-75
-13
53
-53
-95
-43
-15
-99
-61
-69
-87
-11
-71
17
5
95
65
-53
37
-103
-111
-69
53
-21
-13
45
71
127
119
83
-25
103
73
-51
23
7
89
27
-9
35
-113
-129
-133
-133
-107
-39
25
35
41
43
23
-27
119
125
127
101
33
-39
-71
-1
-63
35
61
107
73
-37
69
-15
-11
29
13
111
117
73
-47
31
41
17
-41
73
21
107
95
25
-33
-59
-103
-81
17
45
65
-39
-79
-7
95
77
-31
-51
-71
25
21
-25
-1
95
75
-39
-85
-31
23
9
-43
-59
-83
1
-55
-87
-13
89
61
-85
-59
-75
19
17
-19
17
-27
-3
83
39
11
-75
-23
39
53
85
15
-65
9
-29
-17
27
27
-7
49
67
-31
87
47
31
-1
57
-49
-105
-81
-123
-113
-63
-59
-61
77
47
37
19
115
119
75
105
57
45
15
-69
-17
55
109
99
21
-69
11
-25
-13
-103
-83
23
-107
-99
-21
-93
-49
-27
37
59
-59
13
-13
25
-1
67
-9
19
-5
-105
-107
-67
-73
61
7
-91
-59
91
99
37
7
-81
-57
-69
35
85
25
-39
97
91
1
35
23
-35
-59
67
17
-55
-107
-67
-73
-125
-117
-75
-79
41
-45
-97
-59
101
129
127
119
75
97
27
-65
-7
-83
-33
21
19
-25
-5
-77
-7
-59
-111
-91
7
-11
45
93
59
61
-79
-73
41
-79
-31
41
-81
-51
-37
-5
-87
-43
5
-27
-5
-77
-7
-73
13
11
-61
49
-51
57
-25
-59
87
79
-21
-37
-41
-41
-57
83
89
9
71
-17
-35
-53
81
71
101
89
-19
-49
-91
-37
9
-27
-11
77
23
-67
25
55
-89
-113
-83
53
-9
37
-95
-113
-61
-65
-97
-41
23
29
1
83
33
-41
81
53
41
37
19
-41
-95
-63
-57
-67
-105
-65
-73
59
7
75
29
-37
-49
-67
-121
-127
-115
-47
45
-51
-115
-115
-87
37
107
109
63
59
89
-1
7
-79
-43
-15
71
25
-69
5
-11
31
39
29
-11
23
19
-35
-53
-99
-81
67
49
67
-33
-93
-61
-89
-25
87
99
35
-37
-79
3
1
-99
-109
-55
-23
65
13
-95
-89
29
-91
-119
-93
21
89
67
-83
-99
-33
51
-53
33
-79
-85
23
75
-9
-15
47
95
23
93
89
-39
53
-31
-97
-87
41
-27
-53
-63
-97
-59
-43
-25
57
-23
-61
63
15
59
121
135
131
117
49
-11
3
-77
-27
-105
-127
-109
-13
-37
-17
-101
-107
-47
7
9
-67
9
21
-49
67
45
-1
75
27
-51
-119
-137
-143
-147
-139
-101
-135
-143
-137
-125
-91
57
51
47
57
71
119
85
123
135
125
91
-53
-37
3
-71
-5
-25
1
-71
-1
-17
17
15
-61
37
-71
-79
59
37
-15
-15
45
101
61
53
77
-37
45
-65
-49
-19
59
-9
-25
21
-5
43
103
91
-41
17
35
-11
15
-9
57
-25
-97
-87
17
57
109
115
69
89
-1
-23
3
-69
-29
81
81
-53
-7
-65
11
29
-7
55
-47
41
-25
-99
-95
-25
91
115
105
51
19
-85
-101
-21
-91
-73
-89
7
63
-55
-1
-19
-19
67
5
57
-49
-31
41
97
65
75
-41
9
-3
33
83
9
49
-67
-85
41
-25
-85
-33
41
111
123
109
45
-49
41
-53
-17
-83
-81
65
85
-5
1
-77
-57
-75
49
25
-73
-9
-37
-61
-103
-97
31
-57
-29
83
71
105
97
-33
23
55
81
-29
65
29
99
115
33
99
113
61
29
-33
-93
-85
23
97
75
105
75
97
19
43
77
-47
-29
75
49
-3
59
-41
17
47
51
63
99
37
105
131
121
99
-15
-91
-95
-7
-51
73
111
69
83
-27
65
35
-71
-37
49
-33
-111
-111
-31
-93
-71
-65
-101
-55
-5
-67
37
-23
-83
-1
-43
79
127
121
101
-27
69
41
-55
5
3
81
59
37
-1
37
51
61
99
59
33
-13
-29
-17
43
99
69
91
11
23
-3
35
79
-15
-69
15
39
9
93
113
91
-21
-105
-119
-111
-23
-47
-67
-111
-113
-51
19
65
-31
-97
-93
3
5
89
107
59
69
-69
-109
-89
15
79
5
37
57
93
23
83
53
-7
-5
85
63
45
47
63
-75
-107
-61
-47
-29
39
-73
-83
49
-1
25
61
-65
-53
-47
-71
51
1
27
11
99
119
103
29
-93
-119
-109
-27
-99
-101
9
41
73
-43
27
83
1
-9
73
17
73
1
-9
49
105
75
109
93
-37
49
-57
-37
21
-3
81
77
-57
-19
-95
-119
-95
35
-21
-15
-101
-117
-71
-65
-97
-31
-97
-91
41
-23
-41
-9
-87
-59
-47
-37
-5
-75
-1
-11
53
-53
5
-9
31
51
83
7
33
33
-17
-11
73
33
-37
-85
-35
31
45
57
95
45
-37
89
119
83
-65
-75
61
25
-63
31
-77
-67
-101
-81
75
85
-35
81
71
105
57
13
87
55
59
-89
-123
-127
-115
-55
25
-99
-131
-125
-103
3
43
-97
-123
-105
-31
61
-9
23
29
13
-79
-55
-61
81
101
37
-43
87
99
25
-87
-81
61
17
-89
-89
25
89
41
13
-77
-31
43
-81
-69
-95
-21
-87
-49
5
-37
-37
-5
-83
-19
-89
-47
-3
-65
39
-69
-11
-73
1
-29
-23
53
-49
43
-67
-29
37
77
-15
-29
7
-59
57
-17
-25
11
-47
91
109
79
-57
5
-37
-79
1
-15
49
-73
-49
-23
29
49
71
-41
61
-29
95
99
21
107
93
-13
-55
75
47
23
-35
-49
-61
-105
-75
-99
-31
55
-35
-69
61
11
-89
-59
-55
-63
-115
-99
-1
-15
55
-37
-85
-25
37
63
111
109
37
-37
91
79
-51
19
23
-35
-57
71
23
101
83
131
135
121
67
59
69
-61
-7
-85
-47
-15
63
-15
-1
-63
35
-83
-69
-87
-5
-35
-31
9
-31
-17
37
69
-51
37
71
-37
73
9
77
7
63
-29
-63
-101
-71
-101
-51
-17
73
21
-47
-73
29
-107
-129
-115
-59
-49
-27
23
37
31
3
69
-27
103
109
59
65
81
-21
-59
47
107
87
-15
-27
-3
67
-35
97
91
5
53
77
-21
-47
85
47
19
115
131
115
61
53
49
27
-47
55
123
123
111
45
1
55
-69
-19
-113
-123
-107
-31
45
-69
21
29
7
-83
-19
59
-35
-59
-87
-13
-87
-43
-7
91
71
-59
17
-11
29
25
-5
51
-83
-59
77
43
47
49
-81
-63
-97
-47
-17
53
-41
77
35
-9
41
65
-47
-117
-117
-81
41
-49
-73
-117
-107
-51
-41
-7
81
43
27
-5
43
-107
-113
-77
-123
-111
-49
11
3
-61
-115
-97
-13
-69
-107
-73
-93
-31
41
81
23
-41
-69
17
-9
37
61
107
67
-77
-53
91
63
-51
37
-85
-55
-63
51
-29
-31
9
-39
-45
-45
-35
-9
-87
-15
59
-17
-11
-83
-19
-97
-71
-85
1
-23
-3
-51
85
53
-95
-83
-3
-53
-65
37
-73
-13
59
113
121
71
-51
19
-17
5
-53
63
-5
31
17
-43
105
95
25
-39
-55
69
-9
-117
-113
-63
-75
-115
-85
21
23
7
87
55
65
-53
-111
-113
-93
-5
95
95
47
37
7
-89
-69
47
107
91
15
-75
-9
51
-59
23
7
-57
49
83
19
89
33
3
55
-59
-125
-135
-139
-125
-79
-87
-135
-135
-129
-85
33
-73
-127
-135
-117
-69
-67
-81
-123
-115
-67
65
13
97
61
79
131
115
69
77
121
77
-41
59
113
75
-37
73
9
57
-47
57
-27
-49
-77
-1
107
111
77
-35
-63
31
13
-41
105
113
81
-29
-43
89
25
-31
111
121
109
47
21
-47
-83
-23
-103
-77
-103
-51
-35
-3
-55
75
27
-13
9
-45
87
45
43
21
-31
97
71
113
99
25
-47
-93
-43
-23
-123
-113
-77
-95
-21
-75
15
13
-29
-15
23
9
93
61
67
-49
41
49
61
85
13
73
-19
-21
9
99
75
119
95
9
49
61
67
-33
83
27
-27
-11
57
-49
-107
-95
-19
55
111
99
47
19
-43
55
-51
51
91
31
-17
3
77
-1
37
51
57
-77
-49
-47
95
77
-11
17
-35
-51
-57
71
13
-73
1
105
99
43
11
-65
19
-5
-95
-65
-67
47
-51
-83
-3
-43
-41
-45
-35
-13
51
81
15
81
1
33
11
91
61
85
5
-107
-119
-107
-45
7
-19
-121
-123
-95
-5
-59
-79
21
45
57
-75
-33
5
101
87
-3
23
-11
31
17
-51
-77
13
9
-53
-93
-39
1
91
63
101
43
-3
39
47
55
-95
-105
-63
95
87
-1
43
61
99
31
-35
-53
85
53
-99
-109
-61
-59
-77
27
-97
-75
51
-27
-27
-9
59
123
121
91
1
25
-15
5
-53
65
1
-107
-93
-7
-59
-113
-91
19
47
-87
-63
-91
-21
63
-13
9
-43
-69
37
81
11
-89
-47
-19
41
-93
-89
5
-15
39
57
-73
-27
25
25
-7
49
-67
-1
-59
-117
-103
-39
35
-93
-75
-111
-87
31
63
-37
85
65
85
13
69
-29
-77
-1
93
69
109
97
15
-99
-103
-47
-19
-107
-95
5
-3
-79
-13
-83
-19
77
27
-17
3
-65
27
37
33
13
-57
57
-25
-37
-43
-51
101
119
103
29
115
111
37
-43
77
43
13
-87
-63
81
57
81
13
-85
-67
-95
-35
17
11
-53
71
25
-51
71
21
-45
-97
-69
81
57
65
113
81
113
77
115
85
-59
-21
41
69
-47
49
-59
17
-3
65
-19
-21
45
-91
-105
-53
-31
27
51
-87
-75
47
-43
67
3
51
111
87
-13
-41
-63
53
-43
85
89
-13
-27
-3
83
33
-29
-23
45
-95
-119
-111
-45
21
43
-95
-119
-99
-5
-19
41
-89
-101
-39
23
41
55
-83
-91
-1
-31
-21
47
-71
-31
31
61
-71
-37
1
-59
53
-15
-1
-73
-7
-37
-51
-81
3
-13
37
77
-11
-15
33
39
11
97
91
-31
83
59
53
43
13
101
79
123
121
71
61
63
85
-33
47
119
127
103
21
83
11
19
-43
75
67
97
39
-43
79
59
69
-69
-71
79
67
91
13
53
107
67
81
-17
-63
49
-53
-13
103
127
121
89
-45
21
21
-65
5
-11
61
-31
-77
29
-91
-113
-65
-51
-41
-31
23
29
-3
67
-7
5
-47
-113
-113
-67
-81
23
87
49
29
-21
-19
47
-73
-67
-93
-39
31
69
-39
69
35
-45
65
13
85
49
27
-35
-61
-113
-121
-73
-97
-37
69
43
25
-31
-69
27
59
103
75
113
105
1
-11
43
79
-31
79
95
-29
65
21
91
61
15
105
119
67
51
45
37
15
-83
-59
-47
-49
-57
-85
3
-5
69
13
81
75
-79
-111
-79
-111
-99
23
-73
-79
65
65
99
83
-65
-61
-93
-51
5
-25
-1
-47
-91
-21
-93
-89
21
93
85
-43
29
89
9
27
3
75
15
71
21
-95
-117
-83
-119
-133
-115
-15
5
-49
-105
-101
-27
77
63
89
51
17
-79
-101
-41
29
77
21
-83
-93
-5
-21
13
11
-75
-43
15
17
-39
-83
-7
-49
69
69
109
101
-23
79
67
79
-37
49
-19
-89
-39
57
-13
-43
-49
-69
29
103
105
27
97
101
7
13
-39
-99
-91
41
15
-95
-81
-109
-83
-115
-111
-15
-39
-73
59
51
63
-65
-63
-53
-93
-41
45
-47
43
-19
-75
15
75
-9
-39
-35
-17
63
-3
-9
73
13
41
99
85
-57
-59
-71
41
-39
49
-29
83
121
101
9
-3
83
41
-49
65
75
-73
-109
-85
59
43
-9
35
57
101
65
47
41
-9
-9
47
111
119
71
83
-31
53
-35
27
91
25
97
103
19
67
-17
-87
-73
71
75
117
123
81
111
75
83
-37
25
71
-49
-25
67
13
65
-7
-3
-85
-77
-105
-77
-95
-21
-61
51
35
-25
-35
1
-47
-113
-117
-65
-19
-101
-85
-113
-109
-29
-85
-17
-47
-93
-45
11
-13
33
85
35
-57
13
33
-7
29
35
7
77
49
19
-47
-117
-133
-129
-89
-119
-89
-121
-127
-97
43
19
-55
-117
-125
-89
-125
-129
-83
-109
-93
49
43
15
-47
-105
-79
-109
-83
-109
-75
-77
53
33
-29
-55
83
117
67
69
113
109
35
-75
-53
-39
-9
-97
-103
-9
-25
-3
-69
13
61
-77
-91
1
-3
63
1
29
61
-79
-107
-65
-75
47
-7
15
23
-29
-41
-45
-63
71
67
95
27
103
117
69
81
-23
-95
-89
15
69
-23
-53
-89
-31
61
-13
-15
71
27
-77
-53
-25
25
31
17
-51
53
-31
81
107
43
-15
-11
75
23
-91
-103
-45
17
21
1
-95
-97
-11
-41
-55
-83
19
67
-57
-17
93
97
13
61
-51
15
19
-45
-93
-39
53
-37
-97
-61
-75
31
103
103
45
-15
-7
59
-51
21
45
63
-61
-25
69
-11
-11
61
-43
37
103
83
-55
-21
71
-5
13
-23
-3
-89
-67
-87
1
5
-73
1
-23
-11
79
39
-9
29
55
-89
-123
-117
-83
53
-5
39
51
65
113
107
43
-25
-39
-33
-11
-101
-107
-41
41
-71
-19
-95
-89
23
69
-11
-1
-79
-31
57
-35
-83
-5
-61
41
109
119
89
-33
65
-5
7
-59
51
-27
-51
-83
1
-31
-37
-11
87
75
-67
-27
49
-83
-81
41
-61
27
57
-69
-41
-11
75
5
57
-51
41
-77
-65
-87
-21
89
73
-41
69
17
-93
-83
45
-39
-101
-79
43
115
125
117
75
93
5
9
-61
29
71
-33
-77
9
