-287
-801
397
88
213
252
376
-528
-504
-664
-464
332
712
-481
-243
-378
340
906
961
385
380
73
-650
54
-179
94
748
49
496
-288
-566
698
-418
-52
-133
46
763
995
1044
548
654
978
-475
-851
-399
185
576
-82
705
26
341
346
303
-368
-59
833
906
933
989
-361
373
38
50
-28
-770
-851
253
870
21
-161
-672
-853
520
160
-625
-1164
-64
745
947
-295
-160
-312
-831
-894
-588
-239
60
-155
-263
538
384
432
183
-229
547
-313
-459
-732
-863
271
-509
-387
401
447
773
-325
-166
-842
-950
342
-179
-95
-666
-342
410
50
-191
-762
282
-275
-491
-657
-973
318
-449
-640
-96
-639
32
184
688
-352
174
-269
-949
-92
524
980
554
-466
-570
451
605
-540
-40
-494
-193
-342
-688
-265
501
292
327
-52
-284
419
920
-207
-845
-280
-195
-205
-137
438
13
567
528
57
637
90
535
41
471
421
791
-380
-908
-851
-125
-133
272
-287
-901
354
114
-91
158
132
-485
-260
766
524
660
908
623
666
-16
-529
-26
286
-241
-837
-73
-65
-318
550
502
634
-343
380
527
-431
-769
-428
182
-537
-84
818
-533
-816
691
-521
507
-111
561
-141
104
600
-64
-40
-423
-906
-862
-435
162
-445
-850
-241
56
-987
-729
-931
-87
-563
294
472
-136
-6
-412
-529
-138
97
-583
-418
-588
-967
-897
-309
404
-19
-668
200
203
-689
-825
-794
399
517
158
769
201
437
178
74
715
-285
-229
855
780
463
-160
-635
382
77
670
-294
-509
198
443
263
199
600
940
989
683
20
-763
363
-75
-605
-826
-933
-877
-493
-355
-140
456
-15
231
312
256
536
-546
-822
322
540
-111
-220
375
464
45
-399
-759
485
519
12
-131
311
154
141
740
605
-270
-407
-350
500
-472
-617
-1
-146
-743
190
541
-560
-428
-547
-197
629
1023
797
26
-35
209
769
382
549
-397
-272
-268
50
709
121
-275
-88
-475
-492
-595
-1018
47
636
-518
78
234
332
273
412
-387
454
-250
-648
324
492
-215
-638
-452
-47
575
744
-429
-93
365
838
-38
-353
-118
609
496
-771
-182
707
804
291
520
-299
-192
174
-584
-540
-316
-249
-264
621
719
-307
356
646
-535
-434
-381
157
-466
-540
-739
-874
394
342
-12
473
281
-528
285
-400
603
-260
393
23
-705
419
138
-782
68
724
-436
40
670
-243
268
110
-871
-829
161
488
408
463
-430
-416
-157
-409
-516
508
-464
241
406
-113
130
-384
176
261
-223
615
831
-204
389
-366
-740
-381
453
291
629
-262
-97
-315
-842
-849
374
-29
496
396
29
92
771
-380
-84
-675
-136
-24
520
812
-161
323
-369
-344
-83
751
-54
422
-6
-276
521
503
313
45
-503
-792
-387
68
568
-265
-867
25
-713
626
329
693
179
-444
448
-554
-1029
115
-319
362
435
830
224
109
-535
-101
-560
-325
-264
-727
-95
-50
-734
-35
-514
-320
-162
-47
272
369
-560
-380
147
756
863
-296
-812
-633
-391
-803
-683
364
512
-91
53
-192
204
-551
-695
-48
301
-134
-298
-686
499
-71
-597
-261
589
371
-579
-120
25
763
466
681
80
538
1127
891
963
14
550
436
275
-209
21
-58
194
-458
-943
366
591
-224
-873
-839
460
25
-182
63
352
-153
-654
-308
440
405
-144
-654
236
-571
107
401
118
231
-105
407
-402
-673
133
611
-207
-751
237
-367
339
557
-691
-874
-661
-876
-42
-506
-597
-181
-656
-448
195
381
86
748
-390
-448
36
-601
-360
114
264
-537
-456
-286
-545
-380
490
158
266
-607
550
487
-49
58
631
636
674
867
1006
268
353
458
-103
-81
-409
-866
-820
435
1007
445
-6
443
-615
188
904
967
232
-698
-862
-1231
403
-204
14
167
501
639
-466
-483
137
407
-475
349
325
-442
-852
148
-496
-865
-524
-595
-477
48
-318
142
256
-207
-550
-546
38
511
-208
-597
122
-373
-5
-553
-183
-592
-879
280
857
-164
262
890
396
-355
-71
2
-210
63
-416
-349
400
165
520
-526
18
-241
178
-558
-768
-859
-983
469
463
-205
-666
-560
-629
-60
266
781
745
195
-495
-95
547
458
-175
588
469
287
422
-541
-79
-445
-734
331
-295
-48
-410
513
-417
332
882
153
694
-315
371
1013
-451
-139
257
306
-467
-111
-298
-532
-296
-152
613
485
-51
-182
125
379
604
894
703
787
359
45
-326
-241
-378
503
454
-190
621
699
-245
-559
-547
-272
-850
-59
109
773
428
496
-63
-856
-91
396
-144
-12
-594
-847
-733
584
924
203
30
334
853
-191
-247
89
570
-46
-300
56
239
241
-126
18
731
74
-800
139
-248
-203
431
915
-267
-368
275
-199
837
121
425
-76
780
1062
75
-197
-535
349
-370
-66
-8
521
340
-417
144
794
618
725
505
310
815
473
-721
-34
-46
-332
296
415
-554
-870
348
-209
-949
-161
-573
-447
548
834
963
-37
-291
440
765
1016
442
585
82
405
145
-587
53
-621
-879
-655
-486
-140
-510
-1017
-726
-777
437
-132
-410
527
147
-320
174
72
-307
-521
-221
153
-90
531
86
-466
-343
252
-217
-801
-224
-146
-106
-683
368
164
181
-112
-47
215
-272
-106
72
-123
-251
518
-264
-934
-635
-487
-144
-558
-954
274
477
379
-623
-33
-581
469
-463
-855
414
722
-314
-850
244
449
404
321
247
670
-277
-725
-778
-386
-513
-1039
-627
-541
605
618
67
596
717
398
262
773
-497
367
-251
-453
529
1010
-304
-472
474
-257
-501
183
-498
56
-197
119
729
516
816
-286
431
687
784
754
313
364
249
723
-349
75
823
746
101
-723
-614
582
55
-241
-417
477
192
-335
-820
68
-143
515
829
481
-245
-105
659
892
102
-822
-1066
-934
-94
203
-221
405
-375
-85
509
8
147
-526
-622
-332
105
-28
328
142
-744
-51
-438
-569
418
854
946
7
-49
-590
368
194
-750
290
46
-709
-178
-163
129
697
68
-405
-755
247
180
-536
-437
680
-367
-906
183
-309
-924
-64
-461
299
743
861
458
689
-260
303
837
1055
583
277
-615
-922
-32
779
730
-139
124
-151
-683
-114
572
-220
-457
-551
-526
-262
-619
-275
546
551
701
670
790
756
-382
498
-392
151
664
391
461
394
41
-477
47
-375
-255
603
-279
-845
411
821
594
113
578
-235
-410
216
-482
-520
137
-493
-1031
-439
518
98
56
-52
-217
38
730
-240
-784
-565
-397
117
180
966
785
-414
-797
-919
77
-345
-177
-567
-1046
-969
311
-340
207
-411
-966
-859
-490
-430
175
209
327
-215
-263
-709
-470
-641
-429
-278
121
-654
-84
-354
-540
470
39
266
-444
-756
-110
-468
451
-278
-37
-104
405
-32
350
510
-544
-947
-435
-356
620
674
736
392
-675
146
336
560
184
-874
-520
-718
-512
-16
548
244
-471
332
-106
448
-309
29
250
728
831
532
-781
-806
-140
225
-422
-408
-625
-219
-368
-764
-818
-840
-135
670
427
356
-24
701
969
142
-674
-368
402
-95
-440
264
-197
622
114
489
-403
233
267
-157
-278
131
-190
-891
134
403
673
-458
417
527
708
277
-534
-473
-428
-530
-80
178
-552
-295
632
119
-665
-784
491
78
-315
574
-640
340
-375
-472
-310
547
481
697
855
-280
-126
-2
325
492
340
-250
63
836
-345
-567
182
507
301
357
115
-690
-455
434
-337
-473
-607
-809
-154
-562
482
-36
192
469
762
98
-140
549
469
-132
-564
406
-160
-907
296
22
-659
-946
-368
-253
-398
-616
-91
48
-297
526
423
333
-321
-110
110
-103
-213
562
56
-31
-423
-101
-513
321
18
30
225
-253
-663
-490
221
490
998
862
852
781
-20
-855
428
46
188
781
815
-357
292
983
-316
-52
-431
-879
155
-212
248
-356
-996
25
-479
26
-642
-843
-978
-506
-534
315
-578
-1024
-195
402
213
519
593
318
-72
-778
487
856
253
165
-203
92
374
-190
-356
352
699
12
-686
-1008
-811
-763
266
-220
-102
-478
-952
-958
-235
314
259
262
-634
-198
-580
382
-297
-945
-838
-277
522
-108
-822
-324
-748
-741
-200
-483
-107
-730
-620
-166
564
1012
91
-609
537
407
-166
-740
245
-36
-554
-421
38
-557
437
111
131
155
642
745
-141
-592
-107
644
764
552
519
354
-409
-1008
-452
533
233
-290
405
462
-559
88
-438
367
889
562
635
768
-138
-561
-416
179
-507
112
-219
241
596
419
155
298
-144
-244
444
315
-50
-550
409
62
552
-119
71
-385
-822
-166
382
273
368
-667
269
103
141
-452
-874
-94
739
-237
-1039
-908
-95
-95
619
-78
566
-523
-155
630
438
-580
-929
-110
-542
-1075
-226
240
745
178
-380
-461
21
-93
-618
-57
572
457
283
133
155
19
-936
-854
-501
-140
175
-207
246
226
506
69
-301
-207
128
-611
44
335
-419
-755
-317
222
-121
118
334
276
-137
-488
-417
-84
425
865
-378
-913
-502
96
-558
-274
-217
28
630
151
-631
-937
30
134
638
-142
46
848
977
854
-415
-567
-917
-215
-103
48
688
854
901
-511
-504
-327
76
-207
-529
579
958
728
-31
-111
-225
-732
-16
163
-484
-482
-805
-737
452
520
779
249
-704
-617
-794
-394
135
128
434
-486
-294
-166
-737
341
791
-21
78
-55
260
194
-432
336
447
815
833
622
656
772
156
353
-57
92
693
43
297
-473
389
532
-617
-38
716
984
-407
-307
80
851
175
-797
300
905
-215
182
419
-438
-414
-401
-384
561
762
899
974
475
0
-378
-740
-711
28
-691
-311
551
977
856
-353
-492
689
904
-348
194
125
-285
-669
442
553
-106
-662
-456
-207
-610
-851
-960
26
393
577
-284
-909
-306
-511
-762
253
396
405
-628
-170
-542
401
142
-745
-101
-98
470
-22
393
551
268
606
361
610
473
330
-64
561
-278
-883
404
1112
24
71
370
-371
-778
66
-113
-313
-616
-794
-284
683
272
778
-1
-119
335
274
-546
-209
-219
88
-272
100
304
-525
-836
-76
164
-622
346
177
527
816
-311
132
-38
-331
-296
475
441
-240
-753
-43
88
558
32
-127
584
-158
-723
-519
-298
-819
-341
-210
575
-257
381
-307
-840
463
-16
-5
290
17
-264
-312
-198
-278
302
-440
101
46
-339
558
702
225
691
829
-638
-153
612
-299
239
-71
175
-517
-167
208
258
-420
86
-253
238
697
-290
37
185
-415
-212
240
-202
696
651
-426
-413
-747
522
624
390
279
-547
-878
477
368
-95
291
-411
-277
-642
-420
-136
584
511
638
-89
676
-372
-148
789
777
-73
452
868
104
-629
41
282
-465
-477
45
739
114
317
361
219
-440
-892
-693
150
403
-176
-671
-79
-277
313
95
-525
494
-368
-414
421
-81
649
549
659
835
175
551
839
107
-685
292
-402
436
425
168
492
831
933
469
-483
-221
-106
146
674
-277
-547
535
-94
513
409
-649
292
877
-390
35
219
396
-27
-351
-131
367
132
521
156
-855
-195
-596
-465
-678
-65
-535
-144
545
826
-271
41
-163
-173
-434
595
-46
-662
228
-433
-527
664
0
-222
-272
-656
365
139
-418
-284
149
-171
150
582
949
-4
81
-423
-352
-750
-137
798
162
35
-550
-583
639
910
121
262
18
90
-153
469
840
-237
90
-184
-699
-123
691
-299
-678
-558
-107
-715
234
-85
204
527
969
908
809
-401
-17
-93
-210
110
-565
388
-459
21
296
170
581
-365
-666
660
974
752
458
73
554
-440
97
-507
59
324
148
367
251
-582
-127
240
-329
227
-374
-725
-707
-976
-246
-570
-231
86
-51
-36
-15
496
163
-644
-79
-489
-881
302
754
-266
333
44
448
40
345
-364
-177
30
406
421
692
557
-460
-68
126
108
-475
228
593
-225
-421
-34
-578
21
-668
-890
-768
-496
139
-583
262
803
432
-41
518
-115
-810
360
715
678
-18
527
-49
166
39
-220
-335
-306
163
419
646
425
809
894
908
123
426
854
586
-527
-91
-477
-827
608
382
-94
331
294
-68
352
977
566
780
51
551
463
384
689
-243
185
35
-1000
-885
-785
-497
-32
2
-546
-970
276
-381
170
364
-288
-498
-590
-208
-122
-231
92
-165
490
-326
-378
-158
-34
466
849
871
949
587
-582
156
318
97
795
101
542
696
37
128
-527
5
28
277
27
-706
-282
539
964
844
318
-358
131
616
470
-412
-1037
-662
-661
-430
-319
53
516
461
209
338
794
10
156
-489
407
638
763
948
557
-556
330
508
826
212
359
-629
326
-118
-748
-249
-382
-387
393
107
-609
121
-19
-676
-880
-801
-36
-162
-823
446
792
-359
-382
-696
54
168
774
-475
-234
-624
-457
436
319
822
765
58
138
638
110
578
-341
-356
446
354
313
184
-468
-881
-121
-46
169
-34
-145
-675
384
410
-635
-56
-435
-295
-274
446
-213
445
960
-446
-55
-207
-644
1
33
-282
-575
-426
58
52
444
88
-422
425
-20
-658
-931
314
-95
-266
-60
330
731
963
314
328
339
-620
-532
-194
-727
-934
-194
621
-378
-882
-227
281
352
728
-467
20
378
322
-645
-632
514
757
-77
208
390
360
434
789
343
-384
-857
378
1042
118
-117
-284
468
-408
-485
-75
-117
97
231
445
-166
187
585
1021
-9
-651
-229
220
266
354
875
976
-90
-689
-489
-760
395
1044
420
413
44
393
665
876
103
-502
358
997
942
-425
-41
272
-164
-17
604
334
815
-146
519
403
553
950
-418
463
450
-73
496
942
173
-339
-691
-276
47
889
-373
269
-516
-963
138
-393
406
463
224
577
394
530
330
904
96
-391
-616
495
0
498
332
-286
262
-133
-551
-69
-354
-754
-418
672
-367
360
957
-365
-818
-96
-60
-272
-108
300
-268
-384
-473
-601
-106
247
-373
408
846
241
362
660
-370
-390
440
861
-233
-808
-138
450
16
-482
-476
133
6
558
85
499
37
438
-401
-425
-323
355
76
-108
260
-731
-963
16
-501
-462
496
877
-441
460
356
275
459
-390
330
470
-575
276
845
617
-557
-807
-822
375
440
-28
-671
-458
60
-344
192
375
-563
313
903
366
-30
-610
426
973
-535
-810
-915
54
409
782
64
-381
-473
399
979
315
104
225
-361
448
-282
-610
49
-44
493
115
440
389
-73
-204
-685
-572
-867
-645
-990
239
-405
-768
251
-266
-434
389
-309
-600
96
774
47
-787
-913
312
909
-578
131
525
-122
-288
534
-347
-519
-278
183
727
472
576
495
-236
-364
-674
-858
-352
605
523
-146
508
43
-102
559
-1
18
-376
235
110
-271
626
375
-60
-668
17
-362
-59
-134
206
-263
531
-36
-421
-861
-649
601
-235
-458
-177
-286
-743
213
954
959
1008
784
-360
185
996
548
-53
-290
496
832
-210
-937
-772
363
363
-265
-373
-292
372
140
-564
-409
-872
77
567
854
429
349
-537
-937
440
12
-195
-500
-881
136
-651
-768
-467
-8
517
-414
509
705
121
429
623
-119
206
688
-448
-1103
527
498
-234
-322
-580
-631
760
445
252
32
-265
-798
432
521
15
410
348
760
-376
-705
47
-40
31
-369
-924
-880
-247
-597
-890
-806
351
587
-349
-687
314
355
285
-192
-243
-728
-14
-210
649
114
706
55
55
-495
-921
-184
292
683
798
-372
-977
-854
-618
297
-507
-366
-422
-252
-705
438
-234
-650
-563
166
618
284
-242
-612
-866
-579
-371
-637
-1021
-165
894
785
511
-461
36
-413
-1149
-923
-739
-557
311
-482
-205
753
285
436
532
593
6
123
-53
549
-306
197
-629
-675
172
311
-268
-99
-367
-446
-643
402
331
-859
-1011
-900
282
862
-408
-642
61
-431
-782
-542
570
117
56
652
-324
-159
-271
412
453
-171
-163
271
-451
423
517
294
371
543
-288
-596
-832
-814
-958
-109
361
-625
-1
141
89
398
377
551
719
872
-166
-684
-440
564
122
-140
-725
82
-49
-229
95
799
389
-27
-163
-762
226
788
-332
-27
390
504
-327
-837
-111
-642
24
350
661
454
680
186
286
329
679
354
698
-274
-667
-349
579
67
-36
240
540
461
811
589
393
295
403
662
254
708
877
-521
-526
-160
240
27
441
-181
-442
-370
-885
416
-253
167
825
-204
-551
-643
115
370
-27
381
-488
-1023
-510
-863
-80
355
863
428
-328
395
448
-450
102
59
-203
502
565
-83
531
101
715
-461
-476
391
569
16
263
-147
519
558
713
905
895
903
60
-238
-450
66
-255
-297
32
753
1013
735
786
510
-346
419
923
467
-156
156
749
-309
-531
-65
199
-149
384
509
-265
-721
372
164
140
427
627
387
414
195
276
-300
238
373
-191
-81
321
323
822
279
-261
-711
-94
259
141
-607
-77
510
-473
-332
-362
-199
-566
-466
605
-347
-964
321
880
886
-319
289
591
271
647
976
762
73
277
-100
-129
-715
-523
-304
-748
294
25
203
-462
-89
211
649
272
449
564
393
-370
-587
-404
108
214
-538
351
170
135
327
41
-529
-505
-490
-797
453
422
-584
-515
-509
-59
653
397
-626
246
-110
131
660
593
-216
303
811
912
1125
467
-600
-90
-591
248
885
908
2
637
67
128
638
516
-459
9
605
145
53
306
378
863
-374
213
491
31
479
745
-313
682
-195
-341
-776
487
-194
-725
-489
489
1020
915
-364
244
106
-34
-40
534
-96
-233
250
-476
-211
229
-411
-1008
295
1003
445
-568
-375
694
920
-471
-243
668
-524
-74
796
-619
-84
-68
-344
-241
-629
-748
-565
-29
-604
-178
-242
-206
-247
-633
357
652
417
8
-760
-900
-609
443
85
-820
-936
159
-125
-451
-23
-514
429
66
-189
-650
-188
410
245
104
-750
-80
235
-134
-234
495
-193
-17
-329
-456
659
-191
-880
-182
684
537
-125
108
-522
369
751
-317
-130
482
-18
303
962
531
521
-460
-392
413
488
57
173
657
-321
257
404
139
822
-200
-73
150
672
301
372
823
826
167
-422
548
388
-141
384
137
64
-567
-740
-823
-600
-814
-452
133
1004
217
-712
-425
-338
-607
284
418
-452
489
174
-598
-456
-948
-879
-484
178
893
163
-874
-459
-308
-202
-688
-1074
-962
302
-549
-876
306
196
-696
-132
-517
-461
-576
-170
446
382
200
301
165
-411
28
-153
170
-556
-377
-724
-320
167
111
692
-452
320
75
765
-351
-245
707
345
98
193
870
430
177
726
720
-34
-371
-303
-857
103
-167
-927
-87
-440
-17
620
424
-326
75
778
1061
663
-311
-896
-280
733
548
-76
-887
-489
540
849
907
932
635
722
1172
101
149
784
-331
-99
-364
97
-121
350
780
-262
-28
729
772
846
763
1007
149
145
-458
-877
-991
530
951
59
-615
-719
471
-247
-369
-707
91
805
986
-467
411
954
569
-793
-271
330
-608
-819
-873
34
-166
-803
-804
305
744
-547
690
35
-711
-286
-619
-483
-248
-597
-549
-231
-555
277
867
-529
-958
-1021
10
674
1054
896
565
353
-82
-406
-498
325
667
10
-810
-732
-746
-292
763
401
481
368
-59
208
7
-589
-162
681
372
494
117
-1
-601
-450
195
-54
192
11
-142
-64
144
-149
517
740
-398
429
1041
-171
-182
-364
-648
35
802
844
-98
97
628
475
33
207
176
-180
-652
476
478
730
311
248
613
-294
311
-18
-803
-435
445
-191
-43
-132
-178
382
982
-5
200
-181
409
-134
-679
-809
-224
498
-506
-594
738
828
1042
153
-260
356
-326
371
342
0
564
-289
-131
-639
375
-233
-451
91
-166
-605
-301
96
196
174
-64
-77
101
842
-343
-656
-816
-855
-70
-182
-751
156
305
222
-185
-303
-821
-689
-266
-408
-404
-106
671
325
-65
-198
-178
574
811
1022
-337
-119
-82
-334
-759
351
1175
-286
-53
647
917
744
133
548
88
-628
315
553
-41
581
878
177
-703
483
865
-178
-433
115
185
369
-461
344
-276
-447
-385
-414
590
499
-330
-635
32
-29
-618
-450
-353
222
165
-215
122
313
408
402
720
451
767
969
1128
-24
-225
19
247
-236
-108
-516
-127
-404
-109
-689
-446
212
695
-304
259
372
298
569
428
-615
311
-233
-67
25
-242
-698
-566
-672
-595
201
544
-82
-381
326
887
388
-157
585
225
-133
-645
-350
530
799
580
399
145
758
852
230
539
-440
15
443
429
-175
-559
-503
-838
-448
673
437
531
-214
47
572
935
66
-195
-162
204
416
817
464
210
-618
-783
-127
583
-423
-93
718
843
355
752
-581
-507
-573
-41
-377
-460
-226
513
419
-470
37
465
375
450
-40
-440
51
651
572
23
-387
-353
-627
250
17
294
545
712
-446
-627
-17
732
-392
-615
-734
419
604
34
518
494
718
540
352
578
-17
-337
585
9
20
-399
490
-436
311
996
-378
-370
347
-358
-800
98
393
-295
-466
-391
-601
-792
48
764
-398
-916
226
-241
-616
-287
-267
-156
-780
-429
-6
801
425
251
579
398
-187
37
816
355
-487
20
559
-175
559
281
-601
-885
357
836
-413
-763
351
681
-615
316
461
746
892
-331
-655
-92
-64
527
798
150
-502
-166
-867
-109
-502
-928
-932
460
-66
-757
-455
-763
241
1002
167
-546
-761
-325
-360
19
-226
-697
-495
119
152
-494
16
-505
-374
684
426
788
-352
-403
463
903
974
836
501
304
-46
-307
559
263
-540
418
541
579
377
330
326
338
-507
338
981
-37
-847
438
-419
-798
-149
164
457
-122
-850
-99
-134
-318
523
338
-147
-646
-407
114
-604
-1093
86
-639
-125
686
514
682
-425
