130
121
139
115
114
135
374
366
378
360
391
380
-366
115
-388
120
-362
358
-118
119
-122
127
-135
-125
-387
142
121
-391
-110
365
373
-121
-381
130
-387
-385
392
373
359
-376
121
373
124
-387
375
-126
361
-365
-391
378
381
125
368
-368
-125
-382
123
375
-131
122
-121
-128
382
-142
-365
107
380
-380
-130
-123
-116
353
-111
113
-116
365
-365
-144
-369
116
122
371
-379
374
355
-119
-129
387
-131
-376
380
374
-361
-145
-111
-147
-360
369
-369
362
-107
353
377
378
-127
-138
-373
-400
142
-133
-132
373
118
386
-390
-135
118
136
377
-133
116
-376
385
365
-143
-369
125
-130
-377
393
376
383
-389
-116
-126
-374
124
-132
110
-120
362
377
-376
-377
133
117
114
-114
116
382
-110
-147
-375
-385
380
-148
-120
377
119
377
392
362
-360
-395
-125
120
-387
372
-365
-380
105
-368
359
381
-357
-138
132
-138
-379
380
-389
138
-395
-132
-139
-118
371
-377
129
-129
377
-375
-130
375
-379
-386
-128
117
-367
-143
142
119
-384
135
-389
131
-130
-390
375
-381
372
-372
-143
-109
-139
382
375
-395
383
-124
127
124
-128
363
377
132
-134
-370
-393
-376
115
116
375
124
124
373
-140
-124
126
373
382
-138
-116
134
-125
107
-124
-116
125
-376
-391
124
379
-398
122
-368
-131
384
-130
376
-382
128
-378
-128
-385
-137
355
-363
117
-122
-383
128
370
-128
116
370
389
-134
378
128
-122
112
-125
-379
-372
-393
-364
112
366
113
124
124
373
-130
111
382
382
363
-122
-376
377
-386
143
-140
-133
-133
-122
377
-371
-135
372
-130
130
369
-377
109
390
124
-115
367
-109
366
-380
-381
-380
-123
-379
-132
132
114
117
-128
-378
129
-138
-146
-366
-130
-118
114
379
-112
-394
378
-379
365
-122
-127
-130
-132
365
384
374
-135
382
-380
-388
144
-125
-376
-142
126
380
-372
-144
-377
133
-128
367
-387
384
365
-377
-376
-132
388
121
-130
127
135
-377
-379
-385
-387
385
140
-383
-383
-370
-134
-380
-387
128
109
142
-142
-375
-123
365
375
130
370
137
-392
-376
130
360
-361
-394
116
384
-126
380
-382
-118
369
-130
-380
-125
134
-380
-119
-134
-383
133
-380
130
-124
368
380
-380
376
-386
-386
-371
373
-126
-128
118
110
397
360
368
-381
381
372
-378
126
-131
392
110
-116
373
-378
-372
-371
-394
-375
-131
118
120
112
125
117
-373
392
358
385
365
143
-134
-378
133
-391
126
125
375
369
-379
376
-131
-119
111
-131
370
390
361
-366
101
125
124
-370
363
-125
370
369
127
-118
-129
-372
-372
97
139
363
-115
-382
-135
375
381
-137
-131
-379
125
119
-127
-129
362
379
-127
-376
-129
127
117
-128
-120
-385
146
-137
-373
-124
384
392
-396
-133
-372
120
126
-127
130
-145
-128
372
115
130
-382
-133
124
122
365
122
-385
120
-133
-110
102
135
-136
128
359
-358
380
113
125
-114
370
-130
-374
-130
-373
-376
-131
-138
-380
380
116
114
-127
366
379
106
383
126
125
115
-364
-140
131
369
382
134
-393
139
-118
112
-372
-358
350
-380
-383
129
-376
-132
-127
127
360
-363
121
-128
137
-129
370
-119
112
122
-377
-381
-129
-384
380
124
-387
-369
373
386
106
133
-360
-150
-363
116
371
121
-376
379
366
-125
141
115
-127
-369
386
117
-124
-387
-124
-119
-391
-371
-134
-371
359
-127
-386
-381
378
374
361
378
119
369
137
-369
124
-382
-126
127
133
-134
122
-368
116
-131
-381
-385
130
-127
117
372
135
355
-368
-377
381
-393
-125
377
-378
-126
-122
135
-383
-123
113
-124
116
-376
142
-389
133
127
-384
383
-387
365
-119
-390
391
363
-132
-115
-138
-118
-378
379
358
-125
374
-131
-126
-369
362
144
348
390
-123
-131
-382
-124
113
-118
-124
379
121
-391
135
374
-373
-380
-386
382
-125
367
-368
-391
-123
-134
-375
-137
133
117
-132
376
115
-373
379
128
110
134
118
-112
-365
-129
-127
-128
-391
-116
-391
385
-115
375
125
-142
-119
-117
-384
-372
-372
-148
389
-140
-389
-383
-388
135
378
376
121
112
389
-126
135
-388
-122
-118
372
132
-384
104
-120
122
127
135
-134
126
119
-130
-120
-373
-401
387
119
365
-127
-366
-134
-384
-143
381
378
125
-136
-367
116
126
-373
-377
-134
-121
376
129
-391
-370
382
-376
-385
-375
123
375
369
-384
-383
-127
378
-375
367
-382
-376
129
366
-133
-128
122
388
-118
361
383
-370
381
-141
-362
-379
381
-127
-127
-129
-358
-146
-120
-133
371
-139
-372
369
-126
115
378
382
363
395
110
-126
127
-376
116
-378
-376
-383
141
-133
126
-397
-359
-123
102
120
-368
116
125
-368
370
126
-134
391
130
-133
-371
-368
-381
-390
-363
-146
-377
-383
-385
-378
-380
369
123
109
124
124
383
104
369
377
375
374
-377
-119
123
-386
126
-126
126
-386
134
-132
112
133
-381
374
-377
-376
378
117
-130
-119
125
381
115
124
375
-372
382
-391
-130
-116
361
-127
-124
122
-131
118
378
378
-392
135
129
-131
117
-128
378
-135
-376
-378
128
114
382
379
107
376
-117
-121
101
-374
-135
387
385
-395
137
-400
133
116
-125
377
-383
376
-132
-378
-380
-123
368
370
377
117
132
-382
-371
145
-393
-128
-393
125
389
-392
128
-129
-150
391
-149
377
-373
-144
132
370
127
374
-381
119
-122
106
376
-109
351
-376
-373
381
-138
-385
-119
114
370
375
375
123
-375
372
-373
112
-369
-379
382
361
-129
142
-389
-115
-379
372
129
-391
147
-138
-135
-363
-377
368
-377
-142
391
126
358
383
-368
115
131
370
-384
372
-126
365
384
-118
362
365
130
123
-119
-398
-378
128
364
132
377
107
375
-115
135
378
-369
-147
368
130
-137
378
-382
100
125
116
119
378
-125
370
372
374
382
-129
-364
-398
142
-397
383
374
119
363
-355
376
133
-387
-116
379
-130
-382
-376
127
-386
-126
-122
-375
-129
127
-396
374
-124
-398
126
-376
366
391
370
376
-382
381
126
-381
112
-112
360
132
128
-150
132
108
132
371
130
118
-119
-128
-151
135
382
119
390
-132
108
-122
114
374
-132
-381
132
124
-130
380
372
375
-111
-380
-371
-392
129
-124
-130
-371
-389
-130
124
385
-144
-367
-383
121
-121
376
372
121
376
-371
-391
-377
121
375
-134
131
125
363
-128
371
121
-135
-122
373
130
120
136
377
-383
-381
-132
-137
-124
372
-382
-384
372
-126
111
382
-387
-114
-134
-369
369
-130
134
-139
381
365
380
131
-388
-374
-391
137
-391
-389
131
113
380
-380
129
373
-126
-127
368
-128
375
-126
-120
117
385
107
381
376
-384
381
-368
-136
140
-145
375
369
-366
126
-375
-386
-368
370
-129
121
-374
-369
-135
-129
-362
104
-377
-366
380
-131
-128
120
-388
-127
-127
-116
117
-388
120
-123
367
-381
122
-127
114
115
367
-133
126
127
-129
-124
377
120
-139
-370
-131
117
123
134
365
118
-382
370
393
373
-376
-380
370
118
-379
381
-373
-128
-372
-391
379
389
-401
387
109
382
122
-105
371
117
376
-378
-364
-387
-365
-138
363
-364
-387
-375
-377
118
387
-395
-391
-371
-116
362
-136
121
118
123
-375
-136
-382
383
372
120
-389
389
366
119
-389
-380
385
116
-374
-391
121
378
113
128
-391
-109
368
-379
-122
-383
114
-366
-136
137
-135
-131
132
-388
115
-384
-115
113
-365
382
-384
131
-378
139
-141
-132
357
-367
369
-384
-120
117
389
-136
-136
125
-397
388
-123
-125
115
-377
379
368
380
-392
131
-124
-375
119
-115
362
-370
-145
-118
106
123
379
-385
373
-370
376
353
-130
395
375
-124
-382
384
120
139
-131
-120
-124
-374
-143
-377
-121
372
-136
-379
386
123
-376
-120
-126
-112
-387
-383
127
-129
365
-128
-380
-127
114
131
366
388
113
-372
376
370
-365
113
135
-147
-376
377
-119
362
125
389
364
381
122
127
377
-385
128
-381
-138
-115
377
-123
113
-366
364
-371
-139
-371
111
-128
-119
112
-135
-112
107
381
-376
124
364
-375
386
-138
375
-127
373
-119
-146
-366
-125
-388
-125
-114
373
124
-139
-367
379
-387
-386
-377
-115
-157
-102
101
124
123
-131
365
-371
376
369
119
136
370
-126
-382
125
384
367
-121
-133
-126
375
-383
380
375
-139
133
364
-122
-381
386
115
-137
370
385
361
118
134
130
128
-384
110
390
353
386
135
-137
379
-369
131
-386
-367
-388
-129
378
-392
133
115
135
-398
-114
372
-128
-129
-365
130
-379
-124
-124
366
388
-385
125
-124
105
128
-123
372
-381
-382
372
112
127
362
-364
-133
-380
-127
-139
378
-374
364
127
-131
123
382
-126
-384
-370
-375
376
-136
-134
-362
-383
-127
-143
-114
373
127
136
-120
382
-394
-362
-116
-381
-390
-141
135
130
-124
-372
-376
125
-139
-368
-137
-370
-145
134
373
123
-121
-380
139
-142
115
126
384
365
-362
-378
375
369
-373
369
-379
-129
-369
369
-118
-136
134
-132
-131
-134
-133
124
-394
-107
368
-113
105
-372
126
-369
-141
-371
128
-125
116
-378
380
364
-362
-381
127
-140
-361
358
-378
-132
134
361
396
366
-368
125
-129
132
-390
373
-124
112
132
-398
390
382
108
-122
-373
389
121
-385
-374
-122
-146
-369
-383
124
119
-119
363
118
377
-134
-362
-385
-378
-117
354
375
121
123
120
-382
-388
122
373
372
137
-384
-124
368
-366
115
124
-385
134
372
-127
378
129
-120
378
-115
-384
-363
-388
-376
-130
-121
-377
-367
-383
-375
372
-133
-358
-392
-371
-132
-117
-138
-377
-374
-381
378
-134
375
107
129
378
362
118
123
387
356
-381
120
381
373
-385
385
-132
364
-375
359
-106
-127
-375
-118
365
381
373
-130
-377
131
108
-389
387
362
369
-133
-373
389
118
-381
378
372
387
118
134
-131
-378
121
-372
-130
-375
-123
-135
129
-399
369
128
-126
131
-397
387
107
129
120
-366
374
113
365
388
121
-121
-371
-129
126
-397
-370
-127
-396
108
-367
114
116
-127
-120
119
-134
379
115
377
-393
139
108
126
375
-122
370
-142
-126
-128
371
117
382
377
-132
122
129
359
-369
378
117
-129
-130
387
-124
-375
-390
-122
112
390
363
119
135
-377
379
-378
128
370
120
-128
-117
374
-128
110
137
369
-386
-119
-367
377
373
-130
137
-139
-135
-380
385
124
-381
-125
376
365
119
132
