346
-530
446
1192
-69
-917
-985
-1076
-229
-316
-209
-540
227
500
327
-375
-990
-93
-30
557
997
16
-479
-103
-33
-824
-260
-244
-314
-458
-124
-225
406
-103
116
760
-500
-76
-60
-536
-34
-23
362
751
300
440
1007
1252
318
-689
64
566
187
268
-302
427
1014
203
528
-517
251
664
1036
775
-385
222
537
-140
435
-621
-186
287
697
-180
-297
-47
711
-333
-443
-252
-610
-698
-269
-483
90
-625
23
967
854
1061
-289
-40
698
645
466
705
290
487
273
567
315
606
1108
283
537
-319
-140
672
1045
1326
973
491
-522
-19
1061
408
511
474
237
-661
154
548
562
615
852
189
580
423
1059
597
206
-501
-191
89
-808
174
918
1226
383
-510
451
87
-455
213
73
895
490
465
-180
-805
403
791
913
706
1126
-245
557
-278
-738
-1204
-1067
-1201
-678
-145
448
-121
-317
-300
128
-74
-185
351
-207
-83
-283
468
42
334
-309
-255
160
-663
-586
120
818
-211
71
-49
40
-352
-555
-718
-344
315
-160
451
520
329
431
627
-99
478
143
237
91
658
1053
222
-416
-509
-1126
-880
-496
-1010
-691
-768
-46
464
165
452
-455
-819
-1146
-581
268
708
147
4
794
252
-549
-606
-781
45
232
-399
216
946
650
-465
-344
-860
-1127
17
-33
-758
423
-264
-242
-417
-172
-555
-174
-532
-458
480
651
56
686
196
-233
-983
137
807
365
-100
-580
75
802
669
504
-342
427
-351
-820
90
464
-384
-414
-739
-414
-547
-220
-445
-199
18
-59
262
-428
-550
-568
414
-57
-611
130
190
-625
324
658
109
-591
116
33
135
638
118
131
647
356
-520
68
71
-235
-347
728
-253
-449
-600
188
-266
8
-784
-536
99
724
622
-76
-54
-452
-96
462
-179
138
51
-750
205
-182
-793
152
583
-145
132
-216
-516
-1110
-438
-533
-1322
-705
-281
-333
-652
456
-231
219
-189
770
-369
1
817
598
395
606
273
477
-134
-288
-54
434
965
405
-113
-452
-828
160
-667
-5
-413
240
-139
222
484
-230
-259
-444
742
-330
89
27
-386
-250
855
173
494
-856
633
130
-367
-1101
170
409
-4
620
-128
310
233
334
758
471
115
262
-185
-778
14
-253
536
355
812
939
-123
-769
-224
-42
326
-661
476
-139
214
-81
805
268
678
-50
205
-64
-603
244
225
624
-448
218
308
220
-65
-549
-288
-842
306
79
688
1321
1390
257
61
467
814
590
-629
-139
-228
-873
-5
-543
-519
324
207
327
865
684
-312
-790
54
1032
1035
508
-199
431
112
569
963
202
-426
-956
-1074
243
-453
-295
78
-79
-418
-797
-919
178
-293
155
757
1286
1023
827
-394
165
522
1043
594
-562
-1041
-1151
77
294
544
-206
269
115
-193
-109
547
-335
263
3
-196
-325
-602
-732
358
528
-174
-503
-346
-44
406
71
340
-838
-434
115
825
722
989
629
583
-118
361
1032
1138
959
1108
-94
547
-50
-510
-317
662
-210
394
436
-134
-229
58
276
431
470
-44
-375
-416
-58
361
365
-398
-904
-662
138
216
430
435
659
849
-320
116
587
928
709
813
152
226
-717
-894
-668
-706
-630
51
473
490
956
16
491
-578
-592
270
703
751
635
908
1068
260
648
245
625
514
556
183
83
-925
-159
-183
-39
240
662
58
111
773
-350
282
421
-507
-703
-675
-73
483
-292
-160
-99
537
-90
-364
49
674
-77
-538
-794
336
-370
-972
-41
563
453
928
1183
761
-139
-274
483
211
-412
-949
-575
-441
104
448
-643
-291
-690
-302
-74
819
247
-331
-389
565
814
1377
160
16
693
-288
-237
929
661
266
-364
-674
-12
520
-134
-98
-63
260
-424
-148
-706
-468
-351
473
-331
-835
-856
-500
327
217
694
1016
698
924
-235
-724
212
556
-247
-824
18
-118
-165
396
1043
199
144
-707
-927
71
222
-580
17
99
-664
-350
446
1166
995
838
929
901
934
219
-411
-538
121
627
104
-114
-728
-1003
129
667
412
107
508
736
1159
-206
-116
-717
-166
-60
-277
240
-190
788
99
612
-245
-51
-193
231
-113
-191
-854
105
-144
-72
-62
-435
-85
-562
-935
-977
-988
-18
588
-232
-597
-98
-842
-459
494
764
208
-71
-341
-929
237
282
669
-180
-635
55
622
528
-354
-175
415
-207
-168
798
997
308
698
1064
602
725
523
-482
-831
-350
-736
-399
-617
69
-672
-989
-1160
-455
-294
731
748
969
-245
-295
-120
434
384
1057
-269
-262
-934
-797
-341
-372
-91
-213
343
-324
-402
415
517
-334
-690
-1121
-106
-256
-911
-723
-27
111
699
122
-658
-138
-719
-791
256
-137
-547
280
-65
-625
339
-77
-527
-800
-128
142
727
-312
-522
14
-66
-412
137
708
793
-41
153
344
-84
-755
-553
-434
45
-128
-93
-502
-772
-908
-732
-575
-1
730
40
-915
-1400
-526
363
1014
-132
-443
-1125
-516
-204
377
475
-25
-70
-948
-908
-272
210
189
286
-761
-59
-578
-595
265
431
-183
-1017
179
24
634
769
770
515
-402
319
-23
-295
402
172
16
-139
747
1025
539
-179
-1173
-313
-437
377
892
927
437
917
1041
129
271
676
596
-235
61
-135
487
-20
-572
-738
-530
222
432
570
486
-482
-1119
-1172
-874
-335
-695
-62
739
187
-398
-302
325
196
-815
-525
-828
-871
-1287
-738
-689
-253
145
530
604
88
76
689
1081
452
405
285
596
386
-785
201
-61
109
-90
-448
427
509
1000
372
719
932
1343
31
-1026
169
-285
238
-317
-85
-330
-667
-690
-619
-353
-234
-345
231
459
989
746
-400
333
191
-384
84
890
122
-331
-769
-631
-203
545
189
-817
-179
-381
-71
-337
-652
-1060
282
-286
468
-346
450
422
529
-488
-571
-819
-588
349
402
-2
-541
-584
409
842
1288
648
121
-285
-581
-40
-673
-897
-663
-325
404
874
372
-12
751
-18
596
-533
300
1126
127
-31
94
763
-452
-656
225
613
-239
-1042
-237
620
854
913
783
902
549
216
-163
399
-243
-981
-248
464
-289
-254
366
503
867
-100
591
-200
212
347
954
1297
1190
704
351
-616
-1062
-635
-125
-327
-1132
-64
825
706
-349
-290
84
499
-499
204
536
901
-197
-586
-885
-782
-290
752
57
-100
381
904
-323
-187
-540
351
176
345
-419
-214
-272
9
-350
-850
192
-501
-694
-365
426
607
180
261
-562
-1008
-221
-155
419
-162
254
621
320
-64
571
-136
-368
-602
387
310
-191
410
414
-180
-854
-867
-507
-608
42
-618
-120
478
-17
-610
159
920
138
-488
-866
390
595
-593
281
217
-88
44
-545
-969
-654
4
-288
-406
-205
879
-156
-622
-993
-599
-31
-474
-756
-96
986
734
-328
356
877
986
1095
1056
545
-375
-978
161
534
-504
-946
-849
296
930
1176
552
-276
-946
-1130
-726
260
564
243
17
-371
-552
114
77
-103
145
-297
-284
332
447
248
-621
-219
-596
409
963
-34
485
842
131
-429
-14
584
819
1
-66
169
-473
-26
-655
467
407
-253
183
750
-75
7
817
1000
-42
43
924
1051
539
645
162
625
759
-284
-177
597
690
-469
152
1024
536
674
29
-295
534
254
592
328
-27
551
493
513
1107
1025
905
333
-628
-89
-30
826
625
551
-407
-273
391
889
-67
-754
-232
111
92
-278
491
181
-63
638
373
1112
342
-270
-1221
-1042
-846
-1140
-479
-382
605
-163
-393
-528
264
-418
189
-612
-298
-267
-181
-519
-315
307
616
782
815
-73
-927
-1002
159
694
260
-300
-331
-392
-527
80
-577
232
35
-293
233
788
162
-70
655
580
335
47
-241
519
63
-395
-132
-712
-137
732
91
774
-357
-1127
-190
509
191
562
1064
264
712
376
33
415
102
-296
66
79
529
165
456
20
-875
361
828
1098
466
1040
343
525
-259
298
559
496
1008
698
145
348
791
104
319
324
101
-574
-117
417
-240
145
242
-591
-252
529
560
453
758
-135
111
-109
-833
-301
-873
-300
361
565
832
794
-382
-939
-39
598
475
609
322
935
-173
219
-184
-59
306
74
-662
-432
-1131
-1156
-635
-434
-353
-685
-1022
-972
-880
-806
155
176
-624
-127
-612
-878
-847
345
-366
-285
366
827
-275
-48
479
103
-544
53
743
965
657
771
-333
312
515
-310
-342
168
-539
456
638
111
-399
961
778
-390
-776
-1332
-713
702
101
-392
-49
594
179
578
-350
138
35
-204
-996
282
816
537
-128
-855
68
1106
857
525
891
-394
-262
347
-276
121
-507
-336
-90
-693
-813
-1038
-174
-324
-783
-1145
-610
247
499
790
931
602
-260
-440
427
670
372
1115
525
300
425
849
786
886
999
-142
445
-1
119
197
394
-550
-461
-200
-668
-629
10
849
-3
396
1132
238
-716
60
-292
832
-315
423
391
-37
158
893
224
459
-532
149
501
49
279
-38
219
-602
-397
293
-437
-520
-967
-912
136
892
473
572
477
798
765
1027
1230
1199
996
896
1146
684
60
-462
162
-196
1
-77
-390
25
722
-226
-435
313
-13
18
557
851
-373
-539
132
208
-493
-541
-196
-616
-556
370
-175
-374
-603
440
232
-826
-923
-948
-925
-928
-335
-927
-738
215
874
382
-605
-166
799
-445
-813
-991
-895
-757
-132
-366
602
786
738
-59
-765
235
342
47
106
-45
-774
-380
-72
25
610
-443
73
139
-200
-646
-600
545
175
586
665
269
-450
-106
-650
-75
-663
-773
248
674
557
-175
522
-312
-656
-268
-222
-1036
314
328
156
198
433
45
-458
152
794
1036
-181
287
630
397
-156
433
667
-50
228
79
-656
-168
-251
-168
-610
-832
-732
-828
-718
-374
152
-493
-928
-216
-153
594
21
-720
-271
-331
-233
-62
55
-361
2
533
674
473
1021
216
-622
-816
-22
837
450
-164
502
384
211
-85
667
-361
-202
-31
-161
-1155
-774
-214
-420
26
631
310
359
-203
-666
135
463
-216
-479
-241
267
31
129
246
-54
427
856
194
-603
-809
-81
720
134
656
917
-126
-656
-738
224
-286
-524
-636
225
925
695
846
1181
336
431
-784
-844
262
-357
-1098
-274
-631
484
229
772
173
269
336
943
-168
-318
520
140
658
-346
227
780
203
-801
-951
-127
-37
372
673
963
-384
-61
27
-892
-913
201
788
779
255
-936
225
633
915
797
763
821
1208
1120
-164
141
344
-147
86
234
347
-534
241
179
-671
-467
-721
-885
-943
480
-259
426
2
-241
-927
-784
2
-657
202
975
473
-623
-900
-793
-463
-429
-13
516
630
54
-821
-1124
-1211
-608
162
51
170
647
270
-199
-532
-666
64
286
396
-48
172
-141
-934
175
547
615
321
591
201
375
700
832
-87
-495
375
-478
298
-390
119
610
1189
290
-14
-771
-383
506
-55
-270
134
27
5
410
537
326
79
-310
63
-353
-727
-241
-73
-891
-460
-201
547
729
684
764
943
80
154
618
840
613
174
-259
-737
287
449
-225
-92
-535
-673
-973
-1219
-223
226
-5
-466
-241
-791
-791
-148
709
47
103
-298
444
44
-596
371
-655
-362
181
394
516
446
731
660
272
546
-432
318
795
901
793
757
89
788
-197
198
-165
721
737
-150
-719
-982
-821
41
-759
-886
28
-646
544
-396
20
-673
299
30
485
1218
419
845
216
884
838
659
-416
318
537
624
-180
-126
-722
290
-211
-330
-538
48
-5
-513
-583
-482
85
-524
-663
-139
209
318
-118
303
-633
418
278
828
411
110
-247
-433
-198
-928
-205
-450
-667
-8
-664
-431
-982
-814
-821
-887
52
242
775
181
264
-667
-687
-215
43
315
-39
141
860
-164
-453
-528
-327
-584
127
785
468
-558
-27
-746
-622
-985
272
625
772
46
-594
335
600
103
-333
61
156
-321
-9
329
216
175
344
622
562
72
213
-263
-781
-586
173
-295
91
536
842
860
93
-423
-874
-1505
-314
-656
-608
625
447
-190
-928
-293
-685
-256
-38
-669
-92
389
805
-136
-377
-723
-350
-375
279
-338
375
844
1104
1382
252
55
876
354
-259
-421
640
551
-363
-536
-932
297
-561
-612
-309
-610
110
482
-470
251
538
-350
-1020
-1161
-794
-832
214
244
716
-219
272
497
288
-724
-846
-553
-524
427
505
438
102
79
661
428
619
729
559
682
-443
-36
-481
-521
-239
369
260
560
531
-902
187
-791
319
-294
-48
656
6
411
20
-578
-601
-456
-361
-372
591
37
-746
-386
-855
418
485
335
51
434
-209
-302
-163
-50
529
80
53
947
725
-242
271
905
225
-633
-845
-228
636
761
1019
887
-155
-465
-24
80
-418
-546
-104
-272
520
-196
268
-599
37
-758
-224
140
678
-373
-176
-225
-371
445
225
-447
-771
-553
374
-339
-808
-695
-730
-618
-346
181
31
559
154
-419
-611
-396
-366
-865
38
-88
-700
74
218
-779
-944
-787
-810
348
438
445
-171
-392
-525
102
811
900
341
-342
72
215
248
809
314
-373
583
544
-242
36
-281
475
-246
117
243
1241
640
-616
-154
-758
554
-433
260
376
692
614
516
370
615
-78
330
-407
107
-187
-702
-290
-251
-309
-347
-350
78
-596
382
-312
-502
-293
-62
327
381
-59
-798
-1356
-311
-360
-809
-513
-598
-982
-413
489
756
824
12
119
146
571
-309
-1091
-1410
127
-102
-416
-711
-472
153
-745
-861
-940
-493
-14
-502
316
119
57
99
-467
525
767
535
26
929
935
1133
658
128
612
287
433
1037
1201
1072
400
79
619
118
-966
-257
-206
112
59
431
-247
219
977
228
555
920
359
-233
173
-407
-83
584
747
-300
333
-411
-99
-585
-374
181
-227
-871
-276
-62
-312
42
1016
-18
455
729
935
-394
146
726
455
-104
-766
-1138
-1205
-456
143
-268
-509
-446
46
-313
731
-87
-715
-480
-617
345
532
736
715
705
-221
57
-724
-1145
-382
-157
592
497
983
296
523
203
-197
-359
-534
522
-397
165
-238
-574
127
581
1095
119
581
-350
-541
-325
181
728
445
220
-122
-31
-557
-1037
-923
-336
435
799
751
-324
-693
474
179
12
-383
262
-514
264
-327
458
712
886
102
278
-474
-433
415
330
620
555
1155
447
521
139
69
-419
315
8
130
-793
-140
-386
87
161
-581
507
511
123
300
891
259
-875
-429
434
-567
-101
35
-623
-789
-794
-77
-240
-118
-592
-796
318
17
-743
-57
203
677
-240
-59
306
-367
39
18
336
478
-13
849
29
-783
-466
310
-259
-92
123
58
89
417
435
587
331
-968
-273
-714
-1101
137
229
305
714
800
-52
264
-453
396
316
317
401
-141
-563
-1210
-174
-109
537
-436
480
-470
-278
435
366
-301
-18
299
-28
-259
326
-459
-796
160
-570
59
-219
-259
419
7
-282
-870
-926
-370
540
-373
-690
-328
-605
339
708
-118
61
910
-180
323
486
-409
-742
-483
-425
-728
-1045
368
896
700
-432
-127
342
-313
-205
-43
-616
-306
313
-206
17
416
193
-254
-303
446
833
1027
884
-251
-335
-9
722
16
-111
217
395
158
1072
-462
-1068
-827
-819
318
689
934
884
1148
30
822
-307
-412
-223
-225
-961
-303
-273
103
470
1080
1013
-84
9
855
40
442
30
105
431
362
1047
218
455
1021
275
-419
-14
764
43
-255
-225
-524
28
340
777
1011
397
-41
243
493
853
526
-480
22
-281
-87
-525
-1035
-315
-458
-774
-438
-27
-302
408
-180
-851
154
-608
-855
-347
546
471
507
-398
318
-192
66
459
565
331
-343
409
327
94
294
567
-906
-958
343
205
36
-442
-509
238
126
-700
12
1241
928
-310
-194
-783
368
845
209
-216
-638
-140
-98
-435
-463
329
-287
60
-670
-817
184
-303
647
611
403
222
880
543
-341
-121
-6
92
-689
-678
-378
-373
-838
-582
644
430
-552
-951
-258
172
585
1052
891
-172
-721
-697
-929
-720
-370
137
386
715
-162
-921
551
750
436
893
1061
85
-16
33
66
-157
312
-455
187
4
644
95
575
230
663
522
695
45
670
312
-455
-411
217
415
112
-594
-272
459
125
189
-596
-657
-361
-872
-628
118
-52
485
995
243
-232
402
928
7
-260
318
-432
-235
-782
102
-235
117
89
653
638
-35
-572
-826
-73
-486
-439
-280
-184
113
638
92
882
857
6
641
