92
177
219
205
195
209
446
563
604
588
599
597
-102
-29
-365
-69
-341
179
25
110
-69
76
-77
-162
-451
-74
141
-274
-284
239
534
130
-371
-89
-348
-528
129
505
591
-113
-18
367
325
-247
171
14
331
-186
-489
123
496
370
462
-151
-252
-469
-83
361
78
108
-77
-159
286
41
-359
-86
363
-153
-258
-238
-179
269
59
103
-67
310
-187
-271
-469
-78
135
434
-153
237
472
107
-128
282
38
-357
171
486
-103
-271
-229
-226
-412
154
-208
224
47
361
527
589
105
-153
-459
-579
-108
-106
-151
283
295
476
-171
-267
-1
178
440
82
88
-315
220
490
83
-383
-78
-122
-388
185
507
594
-142
-252
-231
-434
-73
-105
62
-69
328
510
-142
-489
-99
141
184
-47
84
401
84
-151
-465
-549
136
0
-114
296
299
489
582
577
-136
-506
-352
-11
-318
181
-239
-481
-130
-332
219
482
-119
-240
20
-97
-394
154
-233
-17
-369
-298
-245
-173
277
-190
-1
-90
313
-215
-232
237
-220
-502
-348
-12
-313
-287
23
147
-282
-47
-357
-24
-131
-391
138
-223
221
-233
-253
-221
-192
319
514
-134
227
15
135
165
-27
330
526
337
-44
-420
-592
-581
-91
142
446
319
254
440
64
-134
60
425
549
91
-122
41
-64
57
-103
-155
34
-331
-526
-74
364
-174
-29
-360
-246
255
67
323
-204
-19
-361
-297
-486
-291
219
-199
-7
-138
-398
-33
370
86
124
419
560
119
360
274
-11
53
-106
-433
-581
-619
-560
-72
382
305
233
225
435
73
123
429
579
570
72
-356
146
-238
3
-129
-178
-219
-170
281
-212
-215
247
39
146
379
-166
9
391
301
14
301
58
335
-235
-524
-597
-357
-470
-297
36
174
188
-75
-390
-70
-117
-196
-445
-316
-201
73
413
55
-350
144
-214
239
-7
-139
-204
-163
306
552
571
111
332
-240
-489
-101
-132
-406
-314
40
393
-167
-285
-458
-70
-74
299
-199
268
464
-167
-506
-317
278
274
-17
83
152
-314
-534
-612
-567
162
247
-281
-552
-592
-357
-486
-548
-90
135
209
-68
-410
-285
284
529
368
473
292
-284
-521
-77
347
-194
-487
-90
373
96
337
-226
-223
242
8
-385
-301
8
-327
-276
-260
-432
-79
-334
-21
-73
358
504
-122
215
-270
-522
-563
139
8
-116
50
184
475
574
550
-136
263
465
-134
-13
-97
347
266
8
294
-235
-509
-598
-617
-594
-339
25
171
201
212
173
-270
253
499
615
576
342
-46
-400
-84
-352
-25
153
468
524
-121
230
1
-119
37
-64
324
551
558
-132
-22
134
172
-262
194
25
376
525
329
-21
-186
-454
-541
-125
145
433
60
-370
-305
271
523
100
-149
-438
-66
127
-51
-151
299
511
91
-366
-320
14
148
-41
-173
-431
-51
-117
-394
-295
286
540
-126
-257
-467
-69
127
-32
85
-98
-161
285
284
223
-280
-290
12
170
439
298
-252
-50
-134
-155
35
165
-52
97
371
-145
244
252
219
-35
312
23
-371
-338
-481
-555
-344
-238
-414
184
263
223
-34
322
526
348
466
316
233
176
-284
-297
12
402
568
353
-265
-45
-99
62
-328
-505
109
-250
-490
-116
-346
-281
-230
59
395
-142
-11
-102
87
-68
312
51
111
154
-296
-523
-363
-466
161
246
-254
-513
135
505
355
224
-268
-295
-460
-84
358
307
-239
206
481
116
119
158
-46
-388
167
254
-12
-413
-324
-227
-441
-543
-359
-461
148
13
-365
-559
121
496
589
596
357
462
320
-231
-52
-350
-289
4
173
-35
77
-302
-48
-114
-403
-566
-110
-101
76
394
336
472
-145
-489
122
-225
-263
233
-184
-250
-227
53
-296
-285
-9
-72
75
-304
-31
-343
-45
130
-275
190
-223
208
30
-366
152
488
124
-116
-201
-191
-436
145
476
122
344
58
-121
-429
129
265
450
567
137
-122
-442
-337
-10
-66
-162
277
301
-244
-57
365
-129
-483
-611
109
22
346
-163
-495
-362
-235
-429
-331
-2
166
-40
307
301
-225
178
256
223
197
203
-18
-376
-333
-240
-199
-438
-325
-478
145
33
350
306
3
-158
-186
-432
-550
-595
-397
230
75
-348
-551
-620
-146
368
571
377
227
442
105
126
-308
-294
-252
252
309
-226
-81
-113
63
165
212
-29
71
165
-33
-142
-418
-598
95
246
474
113
-347
-325
-472
-363
216
534
394
18
-387
-123
135
-239
-517
-375
-242
261
321
-206
-534
101
-181
-474
-600
-154
342
575
-74
-491
-391
232
-173
209
-188
-486
-149
345
109
-128
15
411
109
313
547
-83
200
33
-328
-574
87
31
-120
-195
-414
-334
-224
-220
253
74
-365
123
28
94
381
563
586
616
380
5
64
-302
-71
-323
-523
-617
-138
-113
72
-288
-510
-373
-43
158
-248
-70
150
-255
153
277
-2
293
308
25
-371
-548
-600
-609
-611
-386
-459
-555
-594
-585
-616
55
254
240
211
198
449
327
453
560
596
624
-52
-269
-12
-301
-79
-112
85
-293
-72
-110
53
185
-264
157
-160
-492
64
259
33
-149
6
384
340
225
446
-114
206
-186
-259
-259
234
87
-124
28
-70
44
369
589
-63
-41
137
-24
59
-86
282
95
-325
-567
-162
99
406
569
354
465
135
-123
17
-274
-326
182
548
-69
-21
-344
-97
128
-32
300
-157
170
58
-326
-556
-398
178
507
605
370
269
-217
-533
-142
-319
-278
-476
-147
370
-99
-37
-85
-191
243
53
324
-117
-273
-49
374
331
479
-97
-49
-105
19
385
114
322
-118
-506
54
46
-337
-347
-47
368
558
604
414
-221
144
-189
-45
-296
-545
37
486
170
127
-267
-265
-482
81
285
-191
-65
-92
-151
-381
-590
51
-154
-285
198
289
435
590
-38
-63
90
430
-113
175
16
280
541
162
287
502
389
246
-7
-372
-582
-194
323
343
470
320
467
134
82
395
-69
-298
164
312
-3
286
-139
-70
105
188
185
429
121
299
508
574
611
194
-307
-595
-154
-344
116
488
367
487
-90
164
284
-184
-325
191
102
-319
-574
-167
-315
-290
-214
-410
-352
5
-299
137
66
-357
-103
-323
108
477
592
634
-65
162
272
-200
-91
-121
263
307
257
-26
60
147
189
420
348
240
-1
-158
-220
-7
375
327
481
131
96
-66
27
382
150
-333
-128
128
-29
264
504
607
204
-314
-545
-638
-174
-91
-135
-392
-560
-404
-50
394
147
-306
-578
-168
-108
270
532
365
479
-66
-468
-618
-207
337
126
107
142
427
113
304
304
26
-187
221
313
246
190
435
-81
-485
-390
-250
-220
244
-113
-500
61
45
70
396
-93
-255
-220
-442
97
36
116
-66
276
511
610
414
-189
-517
-637
-157
-310
-534
-158
101
459
-78
-54
341
134
-137
243
65
322
90
-120
-6
386
320
454
589
-88
195
-176
-283
-6
-80
257
543
-49
-32
-300
-516
-629
59
36
123
-253
-515
-385
-223
-419
-113
-309
-538
78
55
-129
33
-285
-296
-236
-204
32
-297
-79
-123
296
-141
-32
-110
50
135
425
114
103
170
-18
-172
239
297
24
-382
-356
-24
165
199
419
358
-215
136
484
624
-43
-505
54
269
-213
163
-196
-253
-446
-589
61
515
-87
196
233
467
350
22
287
273
477
-111
-475
-602
-593
-405
210
-135
-473
-585
-606
-164
367
-110
-484
-607
-380
226
71
102
148
214
-251
-288
-481
109
486
399
-228
157
477
385
-215
-561
73
269
-194
-542
-171
354
329
257
-256
-304
218
-159
-243
-480
-102
-321
-302
-7
-57
-161
51
-302
-62
-342
-297
0
-292
188
-207
-13
-342
-46
-103
-177
258
-166
209
-197
-244
-29
411
111
-133
40
-321
168
31
-123
35
-309
157
472
620
-99
-22
-89
-394
-105
-120
308
-160
-267
-246
21
159
444
-147
219
-210
215
482
122
343
538
152
-372
128
255
252
-29
-162
-199
-432
-338
-476
-332
238
70
-368
138
269
-224
-287
-239
-184
-421
-571
-137
-110
305
66
-354
-333
-6
174
434
575
375
-231
169
485
-98
-32
128
-44
-414
143
31
349
292
490
562
606
361
226
429
-149
-21
-348
-314
-236
269
62
105
-304
175
-213
-262
-475
-102
-112
-155
33
-77
-152
29
408
-138
-15
356
-144
231
15
343
52
341
59
-144
-439
-326
-480
-327
-225
279
301
-5
-399
150
-222
-502
-609
-354
-253
-183
28
167
197
-36
307
-177
235
487
359
244
431
84
-371
-89
373
558
124
-136
-205
279
-186
230
491
119
111
388
82
-364
167
250
-2
312
542
589
357
229
206
202
-281
-58
384
557
601
366
-7
299
-191
-16
-363
-528
-606
-350
240
-190
-7
129
209
-288
-273
246
45
-143
-434
-79
-347
-277
-224
284
533
-120
-13
-107
72
155
-41
311
-196
-477
124
240
235
412
-163
-263
-478
-325
-235
271
-183
236
252
-1
81
405
69
-384
-571
-587
130
2
-149
-442
-558
-347
-245
-174
289
300
242
-16
323
-220
-499
-356
-470
-569
-362
12
165
-42
-409
-550
-105
-129
-402
-336
-463
-312
35
408
320
-18
-392
-62
-107
72
168
464
544
-133
-482
151
466
-118
212
-242
-259
-451
164
12
-127
46
-79
-171
-204
-199
34
-342
-251
252
72
83
-328
-55
-351
-305
-467
-74
-93
66
-303
227
468
-147
-485
-102
-134
-381
144
-246
-240
37
411
597
578
-123
-12
-111
56
-314
198
14
114
156
-293
225
507
339
-41
-391
191
236
-284
-539
-352
-261
-454
-548
-89
128
-9
333
298
465
48
-380
-568
-593
-314
269
531
352
237
177
-306
-532
-91
399
555
340
-270
-260
231
-192
1
117
-282
-17
373
92
360
271
16
322
25
-391
-571
-613
-596
-348
-238
-456
-554
-594
-552
155
-11
-376
-580
-583
-348
-225
-222
-452
-563
-556
150
35
372
275
247
467
552
343
227
462
518
-148
-11
398
522
-133
221
22
332
-192
224
-2
-142
-438
-288
284
547
580
77
-377
-55
110
-282
222
501
574
72
-368
198
227
-245
225
514
608
346
228
-75
-393
-100
-353
-310
-473
-302
-218
36
-310
212
240
2
70
-315
223
236
238
165
-263
219
261
480
557
330
-31
-411
-303
-1
-354
-522
-367
-471
-102
-347
-32
126
-52
-142
40
-59
325
297
452
-181
2
120
214
425
88
342
23
-149
-187
297
289
495
542
107
101
184
403
-153
250
244
-28
-160
283
28
-383
-583
-335
30
440
561
349
210
-270
185
-236
21
379
306
-28
-138
287
51
108
185
426
-185
-267
-451
204
488
110
113
-83
-190
-430
178
247
-258
-266
272
525
357
217
-287
-24
106
-298
-312
-452
173
-5
-357
-81
-117
-154
-209
-194
-191
73
407
90
357
46
108
-71
316
281
480
310
-268
-544
-592
-356
22
157
-305
-534
-592
-91
-127
-400
-85
150
437
-175
-256
-220
306
522
120
107
-74
84
167
-60
-412
-79
125
-62
-415
-328
-215
299
281
484
328
4
78
170
430
-176
-503
-609
146
505
119
99
165
451
309
-23
-396
180
482
-124
-506
-366
-237
-425
160
-242
-481
113
8
-135
-187
57
422
584
578
108
98
-82
60
-309
194
243
-258
-529
-104
-111
-400
-559
-113
363
-159
-243
-468
-314
250
67
107
-88
-394
-75
378
324
-258
-300
-231
280
-191
-493
-119
-100
85
400
-150
-260
-4
154
-35
311
-186
4
-113
-414
-560
-350
240
-179
-260
-473
-582
-109
370
-135
228
262
458
89
341
46
-383
-300
246
293
469
566
360
-241
-536
-363
-17
-315
-530
-122
126
-276
-48
-350
-300
249
280
-2
67
-322
-48
127
196
202
-286
180
12
-125
-205
-439
146
486
592
133
353
529
373
-232
172
233
238
-280
-529
117
258
464
327
-226
-309
-482
-329
-6
171
-269
182
261
-229
192
246
-12
-400
-584
99
250
232
448
334
474
317
468
572
-91
-268
-8
397
-145
222
-225
-11
-109
315
57
-133
268
-164
-494
-363
-237
12
395
-146
-499
97
-221
220
27
99
412
568
144
-122
-449
142
-228
198
492
147
-130
-186
262
308
5
-179
277
-162
-473
-601
-382
-10
390
-111
-476
-615
-146
-116
315
-155
-483
-374
-8
154
441
-107
-492
-136
-108
-170
264
-168
-256
-28
413
-123
-247
-8
-310
165
33
115
-291
-75
-105
-141
-424
-103
-105
50
389
114
-121
22
175
-42
287
541
-100
196
242
240
203
-50
289
277
454
560
385
250
193
437
-117
-49
325
555
602
140
330
87
126
-300
143
228
466
360
-219
154
233
471
-101
-513
63
240
475
126
90
388
327
474
135
-365
108
-186
-279
200
526
600
627
-75
-41
141
-257
-62
-132
296
94
-365
117
-180
-486
-385
-256
-193
-202
27
171
-30
296
76
107
-41
-372
-569
-367
-475
-129
350
340
256
-8
-181
249
-144
-252
-462
-355
-45
406
-116
192
280
-212
150
20
319
303
274
-16
-149
-413
-584
-374
-462
-370
187
289
253
-2
-391
-130
105
419
335
460
579
168
-126
-12
398
-110
154
505
-54
178
15
310
336
16
262
524
394
252
201
186
215
-239
-306
-240
-194
-191
-435
-109
-118
287
74
296
541
-26
-466
-384
-462
-596
52
-152
-499
43
246
444
609
-33
-236
-461
-373
-24
-56
54
-45
-393
-112
-313
-521
-186
309
575
-49
-65
346
132
123
-74
288
76
323
331
-164
-510
-378
-449
-559
-633
-203
108
2
-348
-561
-407
185
292
458
352
262
-189
-516
-399
-43
370
359
-156
-525
-167
-114
34
178
-216
-299
-37
167
5
-386
-121
-335
121
232
445
607
-35
174
246
490
-98
167
61
-330
-390
177
109
-103
-198
-424
-155
308
570
174
310
530
177
111
-36
-357
-600
5
272
-183
-292
-463
-347
-444
-582
-171
-68
-396
81
241
478
-57
-272
-235
-416
-367
194
-145
167
80
-333
-169
335
154
-106
-194
-239
220
105
-128
240
100
77
359
583
-14
-243
-486
79
-180
196
-182
150
460
612
205
-118
231
332
-199
100
483
-23
-459
-637
18
275
27
60
135
410
358
245
224
-6
-154
-20
349
569
380
488
-99
179
-161
-73
337
123
303
534
162
326
107
-317
-588
35
236
460
577
375
464
331
481
-82
-70
340
-76
-269
193
70
331
87
121
-262
-298
-465
-343
-484
-128
-336
114
277
52
-159
24
-42
-356
-555
-410
-15
-286
-302
-440
-560
-156
-330
-81
-82
-365
-345
-16
-69
34
363
371
-186
-102
122
-21
48
170
-17
274
306
251
10
-358
-560
-618
-381
-463
-345
-438
-543
-631
40
266
51
-353
-557
-401
-452
-570
-375
-435
-588
26
274
267
7
-371
-342
-462
-345
-471
-350
-484
81
267
47
-383
69
477
385
245
408
569
419
-191
-302
-265
32
-269
-531
-172
-113
74
-279
-107
364
-78
-478
-160
-113
276
89
76
408
-72
-471
-368
-497
87
47
82
171
-16
-163
-194
-447
94
242
478
119
304
516
370
471
134
-325
-572
-194
344
121
-104
-420
-370
196
86
-124
236
321
-197
-316
-248
20
152
216
-254
157
-192
157
482
389
22
-175
245
329
-177
-514
-392
-34
141
214
-225
-513
-165
-112
-150
-434
-135
363
-83
-268
191
528
154
352
-148
-43
130
-17
-383
-374
207
87
-340
-323
-474
-140
331
558
401
27
-168
250
-162
-39
106
423
-102
-283
219
77
-135
262
-141
-40
336
586
-54
-270
210
68
111
-64
85
-297
-287
-475
-129
132
-255
-73
-100
-172
252
312
22
49
403
-103
-481
-599
-624
91
23
117
168
204
412
570
381
18
-170
-202
24
-280
-527
-399
217
-160
-15
-312
-527
-150
354
102
116
-291
-328
214
79
-373
-96
-351
-74
343
568
621
-78
204
18
116
-314
169
24
-106
-429
-93
-105
-166
-206
246
547
-75
-270
229
-151
-505
101
-214
-23
367
-122
-259
-235
277
64
353
-165
211
-197
-269
-472
-344
218
529
-94
221
274
-219
-551
92
35
-349
-571
-139
354
565
605
371
484
120
102
-317
-87
