89
174
219
222
211
227
462
584
637
644
659
655
-40
23
-339
-97
-344
147
23
92
-42
72
-69
-169
-447
-92
113
-303
-274
232
500
139
-321
-63
-375
-562
116
461
575
-62
27
387
303
-215
206
17
314
-157
-487
132
451
360
514
-105
-228
-455
-121
335
57
132
-52
-165
292
29
-354
-61
337
-174
-237
-225
-218
248
47
105
-39
304
-175
-269
-456
-121
108
406
-135
259
491
96
-78
309
26
-352
197
465
-112
-224
-212
-266
-430
131
-233
201
62
342
558
604
162
-101
-432
-596
-140
-156
-182
284
282
482
-129
-244
12
143
435
106
113
-288
212
491
75
-332
-56
-152
-417
184
486
584
-87
-205
-217
-472
-93
-130
29
-65
320
519
-131
-445
-89
95
159
-29
99
407
86
-122
-440
-568
101
-47
-133
315
282
495
628
614
-76
-457
-336
-60
-351
173
-244
-502
-125
-382
187
478
-130
-195
34
-133
-397
154
-255
-37
-353
-331
-256
-214
255
-202
-2
-72
284
-205
-228
251
-253
-500
-337
-65
-352
-300
14
108
-287
-37
-363
-55
-139
-418
136
-247
199
-215
-275
-211
-234
301
500
-123
272
32
119
193
-30
348
539
353
12
-381
-592
-614
-148
91
418
335
281
479
85
-106
86
413
552
126
-72
66
-76
54
-94
-158
36
-348
-536
-85
314
-194
-7
-348
-280
244
37
329
-171
-18
-344
-328
-494
-333
186
-233
-8
-128
-430
-34
340
63
150
445
558
153
411
309
2
96
-94
-435
-579
-654
-618
-131
330
281
257
261
449
94
150
457
583
608
129
-303
168
-256
-12
-111
-205
-217
-189
261
-226
-213
257
3
154
404
-167
33
406
280
47
337
72
346
-200
-518
-585
-413
-522
-342
3
136
184
-60
-376
-70
-142
-222
-442
-342
-236
34
398
53
-323
162
-237
221
13
-154
-183
-185
286
541
582
170
382
-209
-483
-88
-178
-433
-316
9
356
-167
-263
-447
-117
-100
269
-191
271
482
-176
-462
-310
226
242
-7
122
159
-315
-519
-626
-622
109
202
-292
-521
-606
-413
-540
-593
-128
83
181
-53
-401
-288
250
495
382
526
336
-253
-487
-84
302
-214
-465
-84
321
77
363
-196
-220
256
-24
-377
-279
-23
-362
-284
-270
-472
-105
-365
-56
-81
330
513
-106
262
-249
-542
-552
82
-38
-134
68
165
469
597
582
-79
312
477
-141
33
-79
322
277
22
335
-222
-503
-589
-663
-649
-388
-29
130
193
227
185
-254
263
496
608
636
399
8
-360
-82
-377
-56
147
444
543
-86
275
20
-133
62
-79
318
563
569
-77
24
152
149
-242
204
21
361
557
344
34
-147
-450
-561
-160
100
409
78
-347
-288
238
493
114
-105
-415
-89
101
-75
-137
302
503
103
-319
-299
-13
115
-43
-159
-429
-69
-145
-421
-296
255
505
-114
-213
-454
-113
101
-56
98
-93
-168
288
273
232
-242
-279
2
136
436
319
-219
-18
-139
-181
39
148
-56
111
375
-147
267
270
209
8
331
36
-361
-314
-509
-598
-378
-293
-457
157
238
209
2
334
534
361
514
357
259
215
-262
-279
7
368
569
388
-212
-12
-102
34
-323
-510
95
-294
-505
-107
-396
-312
-239
20
379
-143
11
-87
57
-58
305
62
117
183
-298
-512
-374
-517
119
220
-271
-482
120
458
346
276
-227
-286
-467
-119
337
288
-210
235
476
108
168
185
-47
-371
168
235
-23
-373
-327
-261
-481
-562
-398
-509
106
-7
-385
-535
95
452
586
647
407
507
365
-200
-18
-363
-323
-4
139
-32
82
-296
-57
-117
-432
-569
-146
-151
50
402
333
500
-106
-462
130
-269
-277
247
-218
-251
-216
15
-312
-293
-16
-107
64
-298
-44
-348
-74
126
-299
199
-224
187
48
-384
174
465
113
-68
-176
-207
-451
125
455
111
390
86
-120
-402
112
243
438
611
175
-76
-413
-353
-36
-102
-168
281
287
-238
-22
362
-150
-459
-598
55
-21
328
-133
-492
-351
-282
-472
-356
-34
124
-50
322
308
-220
209
255
210
238
223
0
-361
-330
-263
-232
-451
-343
-504
104
13
338
337
13
-122
-178
-445
-566
-625
-444
189
46
-348
-534
-650
-200
314
542
401
274
478
131
154
-277
-304
-255
218
297
-223
-50
-113
34
167
205
-15
85
172
-33
-124
-406
-611
64
202
453
150
-318
-299
-491
-397
188
494
395
64
-348
-115
114
-259
-502
-376
-287
218
306
-202
-497
95
-220
-497
-590
-199
294
550
-49
-448
-374
186
-205
208
-170
-507
-142
304
79
-110
38
397
105
339
577
-69
244
61
-342
-552
58
-9
-135
-172
-426
-355
-254
-251
236
62
-360
145
8
78
405
559
612
660
425
54
100
-290
-75
-322
-548
-621
-182
-152
44
-280
-522
-382
-87
123
-253
-61
143
-280
163
276
-19
325
322
31
-333
-541
-621
-650
-652
-429
-501
-596
-628
-636
-673
2
212
216
241
213
460
346
476
597
628
671
-4
-227
5
-333
-89
-112
54
-293
-80
-111
27
191
-265
168
-159
-510
78
223
13
-120
12
368
337
251
478
-96
223
-163
-280
-244
199
69
-126
51
-87
35
378
587
-40
2
155
-46
72
-77
274
101
-325
-546
-192
53
379
584
382
514
175
-94
48
-286
-337
177
515
-65
21
-323
-117
124
-54
310
-145
171
80
-342
-536
-416
128
468
602
420
319
-177
-517
-145
-358
-316
-486
-189
336
-125
-10
-59
-219
238
48
328
-83
-272
-29
345
325
505
-51
-22
-83
-5
384
117
344
-85
-500
70
13
-358
-329
-74
325
549
633
465
-164
184
-178
-61
-280
-571
24
441
153
169
-233
-272
-487
45
261
-218
-38
-89
-174
-391
-603
32
-204
-320
214
258
433
635
-11
-12
122
411
-92
199
42
269
566
171
331
538
397
296
42
-351
-576
-222
278
312
490
364
497
172
115
427
-68
-275
186
279
-1
321
-124
-71
122
165
197
445
140
323
539
586
659
252
-261
-559
-177
-391
78
481
352
526
-44
193
312
-193
-291
197
72
-321
-548
-191
-363
-326
-225
-448
-372
-22
-335
125
66
-378
-85
-345
70
473
577
678
-10
209
297
-212
-60
-119
233
314
262
8
76
152
185
437
370
269
40
-141
-216
-21
357
323
504
170
121
-37
24
388
147
-311
-101
106
-59
274
516
610
252
-265
-514
-653
-220
-138
-167
-387
-579
-438
-98
355
143
-281
-550
-198
-155
235
538
375
526
-21
-445
-599
-250
287
96
122
171
422
131
330
337
32
-152
231
299
246
230
456
-61
-458
-375
-299
-257
226
-127
-501
70
2
49
423
-90
-235
-203
-475
73
13
91
-45
269
518
622
467
-131
-475
-634
-204
-360
-572
-174
53
425
-74
-35
360
110
-113
273
48
320
120
-116
19
372
315
482
629
-55
240
-154
-293
12
-112
249
553
-40
15
-284
-549
-628
16
-10
100
-232
-514
-391
-278
-462
-135
-340
-562
66
10
-150
57
-298
-311
-246
-233
16
-313
-92
-127
268
-140
-33
-94
22
140
420
131
131
200
-23
-159
245
288
31
-345
-350
-51
125
196
441
377
-192
166
490
614
6
-456
68
223
-231
196
-189
-270
-435
-627
32
471
-103
237
256
448
389
51
324
289
484
-67
-447
-589
-647
-453
163
-168
-475
-578
-659
-217
321
-133
-464
-598
-433
173
36
104
177
208
-234
-278
-487
67
463
383
-182
190
478
374
-166
-524
66
226
-211
-508
-180
305
305
284
-217
-291
213
-188
-242
-462
-144
-351
-328
0
-98
-172
56
-324
-75
-346
-328
-9
-326
176
-206
-37
-322
-80
-109
-205
259
-177
208
-183
-274
-4
377
109
-104
66
-338
165
35
-142
61
-328
152
480
599
-53
26
-80
-417
-100
-140
277
-151
-268
-231
-23
142
438
-126
239
-192
193
503
109
396
565
157
-319
155
235
237
16
-142
-192
-448
-359
-509
-369
209
31
-366
165
235
-243
-249
-242
-221
-451
-589
-161
-157
276
67
-357
-313
-39
132
429
597
406
-182
217
488
-108
19
150
-76
-389
145
5
326
324
494
606
639
417
288
475
-131
2
-331
-338
-239
241
46
106
-275
164
-213
-282
-461
-136
-137
-182
36
-94
-162
33
393
-147
5
371
-166
253
37
324
87
348
86
-141
-411
-346
-508
-370
-257
247
293
1
-361
153
-252
-522
-595
-409
-305
-223
9
149
189
-20
317
-170
235
510
335
302
476
93
-339
-66
349
538
159
-91
-180
257
-198
233
511
102
169
419
79
-336
188
225
-17
348
549
601
402
276
246
219
-263
-45
378
534
635
419
44
336
-176
-10
-340
-558
-616
-402
191
-235
-2
150
172
-273
-262
239
13
-136
-406
-102
-373
-312
-223
251
512
-112
29
-92
42
163
-41
329
-198
-482
143
196
230
445
-146
-242
-466
-371
-251
232
-193
236
268
-22
116
413
73
-363
-557
-611
80
-37
-162
-420
-579
-370
-293
-212
270
288
240
22
341
-216
-495
-343
-525
-600
-390
-38
130
-46
-396
-551
-137
-175
-425
-335
-497
-357
5
376
313
7
-359
-68
-126
48
177
463
559
-117
-433
163
422
-120
262
-233
-288
-428
124
-7
-141
71
-96
-177
-199
-216
16
-358
-258
235
36
91
-295
-74
-358
-337
-472
-118
-115
27
-300
218
468
-165
-439
-98
-188
-393
152
-271
-256
56
375
602
602
-73
44
-88
31
-303
188
11
101
170
-293
238
507
331
12
-354
197
207
-294
-507
-357
-309
-491
-565
-123
79
-35
343
306
470
81
-357
-546
-627
-368
219
487
359
286
216
-291
-512
-100
353
539
365
-223
-227
223
-223
7
131
-308
-6
364
71
387
300
28
362
40
-378
-546
-644
-653
-406
-294
-496
-582
-638
-614
99
-57
-393
-562
-620
-403
-277
-261
-470
-590
-592
92
-9
352
301
251
505
572
377
281
505
538
-113
37
417
499
-96
265
43
313
-157
228
20
-157
-415
-310
253
516
593
132
-330
-33
82
-305
234
499
564
125
-320
220
199
-256
261
510
598
406
280
-36
-373
-96
-375
-339
-483
-347
-247
-8
-323
200
234
-12
103
-311
213
235
226
206
-250
228
257
469
604
363
21
-375
-301
-26
-385
-526
-380
-523
-145
-375
-65
119
-80
-127
39
-75
319
308
459
-138
21
133
189
445
111
368
54
-147
-162
275
277
506
584
138
147
211
398
-128
275
262
-41
-118
287
17
-376
-562
-375
-15
409
555
380
259
-226
197
-235
4
397
286
2
-101
289
40
115
219
413
-161
-245
-438
161
468
105
163
-58
-201
-416
167
215
-279
-228
265
495
364
262
-247
-9
105
-318
-302
-461
130
-28
-370
-59
-146
-181
-204
-215
-211
53
391
92
383
76
109
-42
306
293
491
353
-237
-508
-607
-400
-21
113
-312
-530
-598
-143
-172
-426
-86
121
410
-154
-236
-210
264
513
135
155
-49
78
177
-65
-386
-75
99
-86
-400
-335
-240
260
271
493
368
29
115
180
433
-151
-482
-598
92
464
110
147
190
444
332
6
-359
181
461
-130
-457
-356
-291
-460
142
-266
-501
123
-40
-153
-166
33
405
585
610
164
144
-55
52
-298
187
245
-270
-495
-115
-157
-425
-557
-145
315
-179
-220
-459
-358
222
37
114
-62
-404
-75
353
305
-226
-270
-238
241
-201
-489
-111
-151
60
408
-152
-238
8
115
-35
325
-175
7
-95
-440
-558
-380
191
-207
-257
-462
-628
-141
320
-158
247
280
443
132
370
78
-377
-279
217
259
478
609
395
-189
-499
-366
-62
-352
-541
-135
76
-302
-40
-357
-333
239
245
4
100
-316
-59
122
174
217
-266
191
12
-141
-183
-458
122
461
577
182
399
563
382
-179
206
236
227
-244
-514
107
214
452
369
-195
-278
-487
-369
-36
132
-276
192
256
-243
223
249
-24
-368
-583
68
206
216
485
356
499
359
504
619
-57
-221
8
362
-142
247
-204
-32
-89
287
64
-127
293
-172
-490
-354
-289
-23
379
-148
-477
104
-261
201
44
78
437
568
176
-72
-420
120
-252
180
515
135
-88
-161
249
286
7
-144
281
-172
-468
-590
-425
-54
359
-120
-459
-606
-199
-160
288
-146
-484
-365
-58
117
434
-89
-469
-123
-153
-198
266
-181
-262
-6
381
-127
-215
10
-342
155
24
94
-265
-80
-116
-171
-426
-115
-133
30
395
111
-99
48
160
-47
303
550
-93
247
269
229
238
-29
304
287
460
604
417
301
243
464
-99
-29
351
540
628
192
388
126
127
-269
136
227
451
393
-192
196
240
461
-74
-490
75
200
455
155
112
426
325
504
171
-336
134
-205
-302
211
494
605
677
-21
17
167
-277
-50
-130
272
101
-359
141
-198
-506
-371
-302
-236
-222
8
153
-39
317
90
113
-8
-384
-568
-396
-526
-171
322
316
280
28
-164
255
-152
-251
-447
-398
-66
370
-121
213
298
-227
180
22
300
333
283
24
-128
-405
-599
-401
-512
-408
162
256
255
30
-379
-127
81
395
343
482
615
196
-85
25
386
-115
185
526
-68
225
43
297
353
17
305
542
393
298
243
209
238
-226
-293
-242
-229
-210
-450
-132
-145
255
77
309
578
-23
-425
-366
-506
-634
25
-195
-526
49
200
432
648
0
-194
-442
-408
-50
-87
50
-47
-401
-113
-337
-555
-189
270
549
-26
-25
362
111
142
-42
281
84
329
366
-161
-478
-379
-490
-597
-660
-251
62
-26
-339
-561
-436
135
257
460
390
289
-153
-501
-409
-87
337
357
-133
-494
-174
-154
9
185
-222
-294
-38
138
-8
-373
-117
-356
95
234
435
629
-17
218
274
472
-62
193
86
-358
-366
173
73
-102
-171
-436
-174
288
547
182
355
560
183
157
-11
-370
-591
-4
236
-202
-262
-461
-382
-469
-616
-197
-123
-430
78
221
460
-21
-249
-217
-450
-387
169
-176
168
96
-353
-143
319
131
-85
-169
-248
202
92
-128
262
90
73
387
589
4
-207
-466
54
-207
179
-163
129
476
602
234
-78
259
314
-199
134
492
-44
-427
-622
-17
232
10
90
142
401
372
268
259
11
-143
-15
335
563
403
531
-69
205
-146
-91
350
103
322
563
173
369
141
-313
-567
8
191
439
611
402
507
373
509
-39
-43
359
-96
-249
210
41
330
120
128
-232
-302
-467
-379
-512
-172
-366
80
273
36
-128
34
-53
-361
-552
-435
-64
-322
-313
-446
-601
-191
-374
-114
-89
-395
-347
-44
-108
24
370
366
-163
-67
122
-47
59
179
-22
286
319
261
50
-336
-554
-641
-431
-511
-387
-466
-589
-665
-11
219
32
-319
-551
-428
-500
-611
-406
-487
-635
-8
229
246
43
-349
-339
-485
-385
-498
-394
-516
37
240
25
-354
71
452
367
288
450
591
450
-138
-261
-264
-4
-284
-539
-181
-158
40
-276
-115
359
-103
-459
-146
-158
243
96
82
435
-71
-448
-352
-542
43
23
62
196
-19
-152
-190
-465
71
218
457
155
328
545
381
521
182
-298
-547
-219
299
98
-81
-394
-390
167
50
-124
263
310
-192
-283
-251
-20
136
211
-236
165
-194
136
502
378
65
-135
252
320
-168
-477
-396
-83
106
210
-210
-501
-172
-156
-181
-433
-154
335
-112
-250
209
493
161
398
-117
-29
145
-41
-370
-369
183
46
-341
-300
-506
-177
307
536
420
71
-130
256
-173
-38
126
400
-94
-263
233
41
-124
295
-162
-45
356
564
-27
-223
227
37
112
-31
81
-288
-296
-480
-169
105
-281
-65
-105
-204
256
291
23
87
413
-101
-456
-585
-674
35
-22
96
192
195
427
590
413
69
-131
-193
14
-301
-541
-399
169
-193
-14
-296
-560
-161
307
79
140
-269
-329
211
43
-360
-71
-379
-110
337
544
647
-26
249
42
98
-282
163
25
-124
-401
-111
-129
-196
-203
232
524
-70
-225
250
-196
-496
117
-258
-43
385
-146
-239
-222
244
58
359
-140
220
-180
-291
-459
-386
189
493
-86
266
294
-237
-506
92
-16
-372
-550
-173
302
540
633
423
531
164
129
-285
-92
