41
49
55
55
61
81
133
141
141
135
127
87
-51
-3
-73
-5
-57
55
-9
13
-19
9
-37
-55
-83
15
7
-79
-15
89
79
-35
-83
-9
-89
-65
93
111
79
-45
45
95
29
-51
63
5
53
-75
-59
95
103
59
61
-71
-51
-71
31
73
-11
17
-25
-9
65
-37
-71
25
55
-77
-49
-35
-9
65
-9
17
-7
49
-79
-61
-73
25
49
69
-35
95
85
-11
-3
69
-27
-53
83
63
-75
-55
-45
-55
-63
47
-41
73
25
107
115
83
-25
-59
-107
-91
5
-29
-7
85
57
67
-69
-23
39
55
81
-7
11
-43
93
75
-41
-75
7
-37
-51
95
105
67
-79
-47
-51
-81
7
-21
17
3
91
63
-85
-75
27
37
23
-11
43
71
-29
-61
-105
-69
59
-19
5
99
75
121
115
67
-85
-97
-39
-9
-71
29
-97
-89
-9
-53
83
59
-73
-31
7
-49
-71
35
-77
-17
-97
-55
-41
-17
49
-65
13
-7
47
-79
-25
37
-105
-105
-47
-15
-89
-41
17
-3
-79
-13
-79
1
-53
-71
39
-59
39
-81
-45
-29
-5
101
71
-41
73
3
45
37
13
105
93
21
-55
-111
-115
-79
27
53
97
57
65
87
-9
-3
61
111
85
-17
-15
19
-17
5
-39
-31
-11
-103
-83
29
49
-73
-11
-79
-11
67
-3
45
-73
-15
-97
-71
-97
-29
37
-71
1
-49
-65
47
79
9
63
117
101
21
91
33
-19
-1
-65
-123
-129
-121
-77
37
89
49
55
69
93
15
69
125
121
83
-29
-55
45
-67
5
-43
-45
-39
-13
49
-73
-7
69
-1
53
63
-45
53
97
39
9
69
1
39
-111
-127
-113
-75
-99
-37
23
25
9
-53
-79
-3
-49
-67
-97
-47
-19
39
67
-37
-59
47
-47
59
-29
-33
-23
9
111
117
87
7
49
-95
-85
-3
-59
-93
-35
33
47
-87
-65
-75
11
-3
51
-43
89
55
-93
-87
-9
81
23
-21
19
-9
-115
-125
-123
-79
53
-15
-125
-133
-119
-81
-121
-93
13
23
15
-49
-77
3
107
105
67
89
13
-93
-75
31
45
-93
-75
37
77
3
49
-75
-13
53
-53
-95
-43
-15
-99
-61
-69
-87
-11
-71
17
7
95
65
-53
37
-105
-111
-69
53
-21
-13
45
71
127
119
81
-25
103
71
-51
23
7
89
27
-9
35
-113
-129
-133
-131
-107
-37
25
35
41
43
23
-27
119
125
127
101
33
-39
-71
-1
-63
35
61
107
73
-37
69
-15
-11
29
13
111
117
73
-47
31
41
17
-41
73
21
107
95
25
-33
-59
-103
-81
17
45
65
-39
-79
-7
95
77
-31
-51
-71
25
21
-25
-1
95
75
-39
-85
-31
23
9
-43
-59
-83
1
-55
-87
-13
89
61
-85
-59
-75
19
17
-19
17
-27
-3
83
39
11
-75
-23
39
53
85
15
-65
9
-31
-17
27
27
-7
49
67
-31
87
47
31
-1
57
-49
-105
-81
-123
-113
-63
-59
-61
77
47
37
19
115
119
75
105
57
45
15
-69
-17
55
109
99
21
-69
11
-25
-15
-105
-83
23
-107
-99
-21
-93
-49
-27
37
59
-59
13
-13
25
-1
67
-9
19
-5
-107
-107
-67
-71
61
5
-91
-59
91
99
37
7
-81
-55
-69
35
85
25
-39
97
89
1
35
21
-35
-59
67
17
-57
-107
-67
-73
-125
-117
-75
-79
41
-47
-97
-57
103
129
127
117
75
97
27
-65
-7
-85
-33
21
19
-25
-7
-77
-7
-59
-111
-91
7
-11
45
93
59
61
-81
-73
41
-79
-31
41
-83
-51
-37
-5
-87
-43
5
-27
-5
-77
-7
-73
13
9
-61
49
-51
57
-25
-57
87
79
-21
-37
-41
-41
-57
85
87
9
71
-17
-35
-51
81
71
101
89
-19
-49
-91
-37
9
-27
-11
77
21
-67
25
53
-91
-113
-83
53
-9
37
-97
-113
-61
-65
-97
-41
23
27
1
83
33
-41
81
53
41
37
19
-43
-97
-63
-57
-67
-107
-65
-71
59
7
77
29
-37
-49
-67
-121
-127
-115
-47
45
-51
-115
-115
-87
37
109
109
63
59
89
-1
7
-81
-43
-15
71
23
-69
5
-11
31
39
29
-11
25
19
-35
-53
-101
-81
69
49
67
-35
-93
-61
-89
-25
89
97
35
-39
-77
3
1
-99
-109
-55
-21
65
11
-97
-89
29
-91
-117
-93
21
89
67
-83
-99
-33
51
-55
35
-81
-85
25
73
-9
-15
47
95
23
93
89
-39
53
-33
-97
-87
41
-29
-53
-63
-97
-59
-43
-25
57
-25
-61
65
13
59
121
135
131
117
49
-11
1
-77
-25
-107
-127
-107
-13
-37
-17
-103
-107
-47
7
7
-67
11
21
-49
69
45
-1
75
27
-51
-119
-137
-143
-147
-139
-101
-135
-143
-137
-123
-89
57
51
47
57
71
119
85
125
135
125
91
-53
-37
3
-71
-3
-25
1
-71
-1
-17
17
15
-63
37
-71
-79
61
37
-15
-15
45
101
61
53
77
-39
45
-65
-47
-19
59
-9
-25
21
-5
45
103
89
-43
19
35
-11
15
-9
59
-27
-97
-85
19
57
109
115
69
89
-1
-23
3
-69
-27
81
81
-55
-7
-65
13
29
-7
55
-47
43
-27
-101
-95
-23
91
115
105
51
19
-85
-101
-21
-91
-71
-89
9
63
-57
1
-19
-19
67
5
57
-51
-31
43
97
65
75
-41
9
-3
33
83
9
49
-69
-85
43
-27
-85
-33
43
111
123
109
45
-51
43
-55
-17
-83
-81
67
85
-5
1
-77
-57
-75
49
23
-75
-9
-37
-61
-105
-95
33
-59
-29
85
71
105
97
-35
25
55
81
-29
65
27
99
115
31
99
113
61
29
-33
-93
-85
25
97
75
105
75
97
19
43
77
-47
-27
75
49
-3
59
-41
17
47
51
63
99
37
107
131
121
99
-15
-91
-95
-5
-51
75
111
67
83
-27
65
35
-71
-37
51
-33
-111
-111
-31
-93
-71
-65
-101
-55
-5
-67
39
-25
-83
-1
-43
81
127
121
99
-27
69
39
-57
7
3
81
59
37
-1
39
51
61
99
59
33
-13
-29
-17
43
99
69
91
11
23
-3
35
79
-15
-69
17
39
9
93
113
89
-21
-105
-119
-111
-21
-47
-67
-111
-113
-51
19
65
-31
-97
-93
5
5
89
107
59
69
-69
-109
-89
15
79
5
37
57
93
23
83
51
-9
-5
85
63
45
47
63
-75
-107
-61
-47
-29
39
-73
-83
49
-1
25
61
-65
-53
-47
-71
51
1
27
11
99
119
103
29
-93
-119
-109
-27
-99
-101
9
41
73
-45
27
83
1
-9
73
15
73
1
-9
49
105
75
109
93
-37
49
-57
-35
21
-3
81
77
-57
-19
-97
-119
-93
35
-21
-15
-101
-115
-71
-67
-97
-31
-97
-89
41
-23
-41
-9
-87
-59
-47
-37
-5
-75
-1
-11
53
-53
5
-9
31
51
83
7
33
33
-17
-11
73
33
-37
-85
-35
31
45
57
95
45
-37
89
119
83
-65
-75
61
25
-63
31
-77
-67
-101
-81
75
85
-35
81
71
105
57
13
87
55
59
-89
-123
-127
-115
-55
25
-99
-131
-125
-103
3
43
-97
-123
-105
-31
61
-9
23
29
13
-79
-55
-61
81
101
37
-43
87
99
25
-87
-81
61
17
-89
-89
25
89
41
13
-77
-31
43
-81
-69
-95
-21
-87
-49
5
-37
-37
-5
-83
-19
-89
-47
-3
-65
39
-69
-11
-73
1
-29
-23
53
-49
43
-67
-29
37
77
-15
-29
7
-59
57
-17
-25
11
-47
91
109
79
-57
5
-37
-79
1
-15
49
-73
-49
-23
29
49
71
-41
61
-29
95
99
21
107
93
-13
-55
75
47
23
-35
-49
-61
-105
-75
-99
-31
55
-35
-69
61
11
-89
-59
-55
-63
-115
-99
-1
-15
55
-37
-85
-27
37
63
111
109
39
-37
91
79
-51
19
23
-35
-57
71
23
101
83
131
135
121
67
59
71
-61
-7
-85
-47
-15
63
-15
-1
-63
35
-83
-69
-87
-5
-35
-31
9
-29
-17
37
69
-51
35
71
-37
73
9
77
7
63
-29
-63
-101
-71
-101
-51
-17
73
23
-47
-75
29
-107
-129
-115
-59
-49
-27
23
37
31
3
69
-27
103
109
59
65
81
-21
-59
45
107
87
-15
-27
-5
67
-35
95
93
5
53
77
-19
-49
85
47
19
115
131
115
61
53
51
27
-49
53
123
123
111
47
1
55
-69
-19
-113
-123
-107
-33
45
-69
21
29
7
-81
-21
59
-35
-59
-87
-13
-87
-43
-7
89
71
-59
15
-11
29
25
-7
53
-83
-61
77
43
45
49
-81
-63
-97
-47
-17
53
-43
77
35
-9
41
65
-47
-117
-117
-81
41
-49
-73
-117
-107
-51
-43
-7
81
45
27
-5
43
-107
-113
-77
-121
-111
-49
11
3
-61
-115
-97
-13
-67
-107
-73
-93
-31
41
81
23
-41
-69
17
-9
37
59
107
67
-77
-53
89
65
-51
39
-85
-55
-63
51
-27
-31
9
-39
-45
-45
-35
-7
-87
-15
59
-17
-11
-83
-19
-97
-71
-85
1
-23
-3
-51
83
53
-95
-85
-3
-51
-65
37
-73
-13
59
113
121
71
-51
19
-17
5
-53
63
-5
31
17
-43
103
97
27
-39
-57
69
-7
-115
-113
-63
-75
-115
-87
19
25
7
87
55
65
-51
-109
-113
-93
-7
95
95
47
37
7
-89
-69
47
107
91
15
-75
-11
51
-59
21
9
-57
47
83
17
89
35
3
57
-57
-123
-135
-139
-125
-79
-87
-135
-135
-129
-87
33
-71
-127
-135
-117
-69
-67
-81
-123
-115
-69
65
13
97
61
79
131
115
69
75
121
79
-41
57
113
75
-37
73
9
59
-47
57
-27
-49
-77
-3
107
111
79
-33
-63
31
15
-41
103
113
83
-27
-45
89
25
-33
111
123
109
47
21
-47
-83
-23
-101
-77
-103
-51
-35
-3
-55
73
29
-13
11
-47
87
45
43
21
-33
97
71
113
99
25
-45
-93
-43
-23
-121
-115
-77
-95
-21
-77
15
15
-29
-15
23
9
93
61
69
-49
39
49
61
85
13
75
-17
-21
9
99
75
119
95
9
49
61
69
-33
83
29
-27
-11
57
-47
-107
-97
-19
55
111
99
47
21
-45
55
-51
49
91
31
-17
3
77
-1
37
51
57
-77
-49
-49
93
79
-11
17
-35
-49
-57
71
13
-73
1
103
101
43
11
-65
19
-5
-95
-65
-69
47
-49
-83
-3
-41
-41
-45
-35
-15
49
83
13
81
1
33
11
91
61
85
7
-107
-119
-107
-45
7
-19
-119
-123
-95
-5
-57
-81
19
45
59
-75
-33
3
101
87
-3
23
-11
31
17
-49
-77
13
9
-53
-93
-39
1
91
63
101
45
-3
39
47
57
-93
-105
-65
93
89
-1
41
61
99
31
-35
-53
83
55
-97
-109
-61
-59
-77
29
-97
-75
51
-25
-29
-9
59
121
121
91
1
25
-15
5
-55
63
3
-105
-95
-7
-59
-113
-93
17
47
-87
-63
-91
-23
63
-13
9
-43
-69
35
81
13
-89
-47
-19
43
-93
-89
5
-15
37
57
-71
-29
25
25
-7
49
-67
-1
-59
-117
-105
-39
35
-91
-75
-111
-89
31
65
-37
85
65
85
13
69
-27
-77
-1
91
69
107
97
17
-97
-105
-47
-19
-107
-97
3
-1
-79
-13
-83
-21
77
27
-17
3
-65
25
37
33
15
-59
57
-23
-37
-43
-53
99
119
103
29
113
111
39
-43
75
43
13
-87
-65
79
57
81
15
-85
-67
-95
-37
17
11
-53
69
25
-51
69
23
-45
-97
-71
79
57
65
113
81
113
77
115
87
-57
-23
41
69
-47
49
-59
15
-3
65
-19
-21
45
-89
-105
-53
-31
25
51
-85
-77
47
-43
67
3
51
111
89
-13
-41
-63
53
-43
83
89
-11
-27
-3
81
33
-29
-23
45
-93
-119
-111
-45
21
43
-95
-119
-101
-5
-19
41
-89
-101
-39
23
39
55
-81
-91
-1
-31
-21
47
-71
-33
31
63
-69
-37
1
-59
53
-15
-1
-73
-7
-37
-51
-81
3
-13
37
77
-9
-15
33
39
9
97
91
-31
83
59
53
43
13
101
79
121
121
71
61
63
85
-33
45
119
127
105
21
83
11
19
-43
75
67
97
41
-43
79
59
69
-69
-71
77
67
91
13
51
107
67
83
-17
-63
47
-53
-13
101
127
121
89
-43
21
21
-65
5
-11
61
-29
-79
29
-89
-113
-65
-51
-41
-31
23
29
-3
67
-7
5
-47
-113
-113
-67
-81
21
87
49
29
-21
-21
47
-73
-67
-93
-41
31
69
-39
67
37
-45
63
15
83
51
27
-35
-61
-113
-121
-73
-97
-37
67
43
25
-31
-69
25
59
103
75
113
105
3
-11
43
81
-29
79
95
-27
65
21
91
61
15
105
119
67
51
45
37
15
-83
-59
-47
-49
-57
-85
3
-5
69
13
81
75
-79
-111
-79
-111
-99
23
-73
-81
63
65
99
83
-63
-61
-93
-51
5
-25
-3
-47
-91
-21
-91
-89
21
93
85
-41
27
89
11
27
3
75
15
71
23
-95
-117
-83
-119
-133
-115
-15
5
-49
-105
-103
-29
77
63
89
51
17
-77
-101
-41
29
77
21
-83
-95
-5
-21
11
11
-75
-43
15
19
-39
-83
-7
-47
69
69
109
101
-21
79
69
79
-37
47
-19
-89
-39
57
-13
-43
-49
-69
27
103
105
27
97
101
7
13
-39
-99
-91
41
15
-93
-81
-109
-83
-115
-111
-15
-39
-73
57
53
63
-63
-63
-53
-91
-41
45
-45
43
-17
-75
15
75
-7
-39
-35
-19
63
-1
-11
73
15
41
99
85
-57
-59
-71
41
-39
49
-29
81
121
103
9
-3
83
41
-47
63
75
-73
-111
-85
59
45
-7
35
57
101
65
47
41
-9
-9
45
111
119
71
83
-31
53
-35
27
91
27
95
103
19
67
-17
-87
-73
71
75
117
123
81
111
75
83
-35
23
71
-49
-25
67
13
65
-7
-3
-85
-77
-105
-77
-95
-21
-61
51
37
-25
-35
1
-47
-111
-117
-65
-19
-101
-85
-113
-109
-29
-83
-17
-47
-93
-45
11
-13
33
85
37
-57
11
33
-7
27
37
7
77
49
19
-45
-115
-133
-129
-89
-119
-91
-119
-127
-99
41
19
-53
-117
-125
-91
-123
-129
-83
-109
-95
47
43
15
-47
-103
-79
-109
-83
-109
-75
-77
51
35
-27
-55
81
117
69
67
111
111
37
-75
-53
-39
-9
-97
-103
-11
-25
-3
-69
11
61
-75
-91
1
-3
63
1
27
63
-77
-107
-65
-77
45
-5
15
23
-29
-41
-45
-63
71
67
95
29
101
117
69
81
-21
-93
-89
13
69
-23
-53
-89
-33
61
-11
-15
69
27
-77
-53
-25
25
31
19
-51
51
-31
79
107
45
-15
-11
75
25
-89
-103
-45
15
21
3
-93
-97
-13
-39
-55
-83
17
67
-55
-19
91
99
15
61
-49
15
19
-43
-91
-41
53
-37
-97
-61
-75
29
101
103
45
-15
-9
59
-49
19
45
65
-59
-27
69
-9
-11
61
-43
35
101
85
-53
-23
69
-3
13
-23
-3
-89
-67
-87
-1
7
-73
-1
-23
-11
79
39
-9
29
57
-87
-123
-117
-85
53
-5
37
51
65
111
109
43
-23
-39
-33
-11
-101
-109
-41
41
-69
-19
-93
-89
21
69
-11
-1
-79
-31
57
-33
-83
-5
-61
39
109
119
91
-33
65
-3
9
-59
51
-25
-51
-83
-1
-31
-37
-11
85
75
-65
-29
49
-81
-81
41
-59
25
59
-69
-41
-11
75
5
57
-51
41
-77
-67
-87
-23
87
75
-41
69
19
-91
-83
45
-39
-101
-81
41
115
125
117
75
95
7
9
-61
27
73
-31
-77
9
