53
43
57
63
61
91
133
161
133
137
151
95
-51
-11
-71
-9
-43
49
-1
21
-23
19
-41
-31
-95
11
25
-73
-13
83
81
-39
-67
-13
-77
-57
93
121
79
-21
37
95
47
-43
63
-3
57
-81
-45
89
103
67
59
-61
-55
-47
23
73
7
25
-23
-15
69
-43
-57
19
57
-69
-53
-25
-13
87
-19
13
11
57
-77
-67
-73
21
61
63
-25
103
85
-1
-7
91
-37
-59
103
71
-75
-61
-45
-61
-49
43
-31
81
21
117
115
105
-35
-63
-93
-85
5
-37
-5
85
69
63
-57
-13
37
67
81
17
3
-47
113
83
-39
-81
9
-41
-37
89
105
75
-85
-37
-57
-55
-3
-25
35
11
91
57
-85
-81
41
31
29
-3
41
83
-33
-35
-115
-75
79
-13
7
93
79
121
127
61
-73
-89
-43
1
-75
51
-109
-95
7
-47
83
53
-71
-37
19
-53
-59
43
-83
-5
-103
-31
-53
-21
69
-59
13
-13
51
-85
-11
33
-91
-97
-51
-3
-93
-17
9
-7
-65
-5
-77
-7
-53
-77
53
-63
43
-73
-51
-19
-7
121
61
-45
93
11
45
31
15
105
103
17
-43
-103
-123
-71
25
75
89
55
83
95
-9
-9
65
113
97
-23
-7
27
-23
17
-43
-7
-19
-109
-71
37
49
-81
-9
-85
3
63
5
53
-79
-5
-103
-47
-109
-35
55
-63
3
-55
-65
45
91
3
65
125
101
33
91
55
-29
-5
-51
-117
-127
-129
-77
35
101
45
57
77
93
25
67
145
113
83
-13
-47
47
-75
7
-49
-31
-43
-7
57
-79
1
69
23
43
63
-31
61
99
33
11
69
15
33
-97
-117
-121
-65
-105
-15
13
23
27
-45
-79
-9
-49
-73
-83
-51
-11
47
67
-27
-65
71
-59
57
-13
-27
-21
1
115
119
99
1
53
-87
-93
9
-63
-69
-45
31
67
-79
-63
-83
13
-7
65
-47
89
63
-99
-77
-15
103
15
-25
37
-1
-113
-133
-125
-87
65
-19
-109
-125
-127
-71
-127
-67
3
21
33
-41
-75
-3
111
105
79
83
19
-85
-81
41
43
-67
-87
35
97
11
51
-81
-11
53
-39
-99
-33
-7
-105
-51
-73
-61
-21
-77
35
13
95
59
-51
35
-89
-115
-57
61
-25
-3
43
93
121
121
103
-17
103
67
-49
19
19
83
31
-1
33
-103
-135
-107
-145
-113
-23
33
37
33
45
21
-13
113
125
135
103
43
-43
-47
-11
-69
53
69
109
67
-37
67
-3
-15
35
21
113
127
71
-23
21
39
35
-33
73
13
111
95
39
-37
-47
-95
-87
29
43
87
-49
-85
11
103
77
-37
-51
-77
37
15
-17
7
95
87
-43
-61
-41
21
27
-37
-57
-91
3
-61
-73
-17
91
69
-91
-49
-79
41
9
-23
35
-19
-3
77
41
7
-61
-27
43
61
85
25
-71
31
-41
-21
45
35
-5
41
71
-35
99
43
35
7
55
-39
-111
-55
-135
-119
-49
-53
-61
71
51
35
33
109
119
83
107
67
43
39
-79
-21
73
117
99
15
-67
7
-11
-19
-89
-75
21
-97
-105
3
-105
-53
-11
45
59
-67
15
-17
37
-5
69
1
15
5
-111
-83
-77
-77
81
13
-89
-67
95
99
51
3
-69
-47
-75
45
85
47
-49
97
111
9
37
15
-33
-65
79
11
-45
-97
-73
-63
-131
-91
-85
-85
59
-39
-95
-65
107
131
137
111
77
105
25
-55
-11
-59
-45
19
37
-17
-5
-85
-5
-65
-97
-95
13
-3
41
105
57
83
-91
-79
59
-71
-29
35
-81
-57
-23
-9
-75
-35
1
-17
-7
-53
-17
-79
31
17
-59
43
-49
55
-11
-63
87
87
-25
-27
-45
-17
-69
83
109
17
73
-23
-35
-57
93
65
101
97
-23
-39
-97
-13
-1
-31
5
85
23
-73
27
53
-75
-115
-71
61
-13
49
-101
-87
-73
-71
-85
-35
25
21
3
81
47
-45
81
61
39
47
15
-17
-107
-67
-43
-59
-105
-71
-71
57
21
69
33
-29
-53
-57
-127
-101
-127
-51
63
-43
-113
-123
-87
35
119
103
65
67
89
9
5
-55
-53
-19
91
31
-67
-1
-9
29
51
25
-3
31
17
-25
-57
-75
-91
67
69
75
-33
-101
-61
-97
-11
81
99
43
-43
-69
1
25
-111
-117
-41
-15
67
5
-95
-97
41
-93
-103
-85
17
101
65
-57
-111
-37
71
-47
35
-87
-85
21
87
-13
-7
55
95
33
91
111
-49
51
-15
-91
-85
35
-27
-59
-47
-101
-49
-35
-29
69
-27
-37
55
11
77
129
135
125
121
47
3
-3
-65
-17
-113
-117
-113
9
-47
-21
-89
-101
-45
1
11
-73
23
17
-39
75
43
9
73
51
-61
-127
-125
-137
-145
-147
-101
-145
-127
-139
-109
-83
55
63
45
79
61
119
105
133
135
119
95
-59
-23
-1
-59
3
-29
11
-75
23
-27
13
33
-55
37
-77
-79
59
51
-19
-7
53
101
71
51
99
-49
43
-51
-41
-17
51
-7
-29
35
-9
47
109
91
-31
15
57
-21
11
9
65
-23
-103
-85
13
69
103
113
77
89
11
-27
27
-79
-33
101
89
-53
-15
-63
7
41
-11
59
-39
41
-15
-105
-69
-35
89
137
113
53
13
-83
-109
-9
-95
-59
-79
3
75
-61
23
-29
-23
87
13
59
-57
-29
39
107
59
77
-33
5
7
31
105
1
49
-53
-77
43
-33
-85
-39
55
103
121
117
43
-39
39
-29
-27
-89
-69
73
85
-13
3
-85
-43
-77
51
33
-79
1
-41
-35
-115
-103
51
-51
-27
77
75
105
109
-37
29
63
81
-19
63
51
91
115
51
107
113
55
33
-39
-79
-89
29
105
75
117
73
117
11
41
97
-39
-27
69
51
-5
71
-45
23
55
49
73
99
59
99
131
143
107
-13
-99
-95
-11
-37
67
111
75
83
-15
63
57
-81
-41
69
-25
-109
-119
-29
-99
-57
-69
-87
-47
-9
-57
35
1
-93
-5
-27
89
127
117
105
-31
81
35
-45
13
1
91
57
61
-11
35
71
69
99
53
37
-17
-15
-21
47
107
67
101
7
45
-13
33
99
-9
-69
9
41
7
105
107
91
-13
-113
-111
-115
1
-57
-73
-97
-107
-49
13
67
-37
-83
-97
11
13
89
119
57
91
-81
-117
-75
23
79
-3
39
57
105
17
85
59
-11
5
83
85
37
45
83
-67
-107
-69
-47
-35
53
-77
-71
57
-5
37
59
-41
-63
-53
-57
59
3
21
13
99
131
97
33
-85
-127
-99
-31
-73
-113
5
59
81
-43
21
87
-3
3
67
21
81
-1
1
47
127
67
109
115
-29
49
-63
-35
19
9
75
79
-49
-23
-85
-125
-69
25
-23
1
-93
-115
-77
-65
-105
-17
-101
-77
49
-27
-31
-13
-63
-69
-51
-23
3
-73
-7
-9
51
-39
1
-1
39
49
95
3
55
23
-21
5
81
33
-45
-85
-39
43
39
59
103
43
-27
87
139
75
-71
-61
69
25
-71
35
-83
-53
-103
-69
83
85
-25
81
93
99
55
31
95
57
53
-87
-133
-113
-119
-43
33
-105
-121
-131
-79
-7
43
-85
-115
-103
-39
63
-13
35
25
19
-71
-61
-51
81
123
29
-49
107
107
27
-93
-79
59
31
-93
-77
33
89
51
9
-53
-41
43
-67
-63
-93
-27
-87
-55
17
-41
-27
3
-89
-9
-95
-21
-13
-71
59
-63
-9
-81
3
-33
-9
47
-39
51
-73
-19
35
99
-25
-33
23
-51
57
-25
-23
7
-33
85
109
87
-63
15
-41
-55
-9
-17
67
-67
-47
-29
31
47
83
-45
63
-21
95
109
19
129
85
-17
-39
83
47
17
-35
-55
-47
-107
-63
-91
-35
65
-41
-43
53
9
-77
-53
-53
-71
-115
-107
11
-19
57
-29
-91
-15
35
85
103
109
57
-29
91
71
-51
17
35
-39
-47
79
21
111
81
151
127
121
87
67
71
-67
-5
-91
-33
-19
65
-7
-5
-53
33
-59
-79
-93
11
-29
-29
3
-29
-21
49
63
-39
45
69
-27
73
33
69
3
83
-21
-61
-109
-69
-107
-37
-21
75
29
-53
-65
25
-81
-141
-121
-43
-43
-25
17
41
29
17
63
-19
111
109
71
63
103
-31
-65
65
115
87
-23
-25
-7
79
-39
97
99
1
63
75
3
-59
85
65
27
115
125
119
61
65
45
33
-39
53
135
123
131
37
-1
73
-63
-19
-121
-123
-115
-19
41
-57
29
27
17
-87
3
49
-39
-45
-79
-13
-93
-41
-11
103
65
-49
25
-13
39
21
17
43
-89
-43
85
43
41
51
-89
-49
-101
-37
-9
51
-31
77
57
-19
39
83
-41
-115
-125
-79
39
-37
-77
-103
-99
-57
-31
-9
103
35
25
11
49
-107
-119
-77
-131
-97
-51
17
11
-67
-105
-101
11
-79
-113
-59
-87
-29
35
85
21
-27
-73
23
-1
35
71
107
87
-89
-57
111
71
-49
31
-85
-61
-49
47
-19
-21
5
-29
-49
-21
-45
-13
-73
-7
61
-25
-9
-89
-5
-101
-59
-75
-1
-13
-5
-25
77
49
-83
-77
-1
-59
-63
35
-59
-17
63
121
121
81
-55
41
-27
1
-37
71
-5
25
19
-47
115
89
31
-31
-61
81
-11
-91
-125
-69
-61
-109
-85
13
27
3
99
49
67
-43
-117
-103
-97
19
87
95
65
43
7
-97
-67
47
117
85
21
-67
-13
61
-63
45
-3
-61
69
89
19
83
37
-1
67
-63
-109
-125
-147
-115
-83
-63
-147
-143
-117
-77
33
-81
-127
-143
-103
-71
-55
-73
-133
-107
-73
87
3
97
81
87
131
109
73
75
131
73
-31
65
113
85
-41
93
-1
57
-31
63
-27
-57
-77
-5
119
105
79
-25
-67
41
11
-17
97
113
101
-21
-41
83
27
-35
123
115
107
53
17
-37
-89
1
-113
-81
-89
-45
-33
-11
-53
73
41
-19
17
-37
87
55
41
43
-43
97
91
121
99
17
-45
-99
-29
-29
-107
-105
-83
-85
-25
-51
7
11
-13
-7
23
3
97
59
79
-53
45
57
61
95
11
95
-29
-25
27
107
77
113
99
5
61
55
69
-25
83
39
-31
13
47
-53
-95
-89
-17
49
115
99
59
15
-33
63
-57
61
89
53
-27
1
97
7
37
45
59
-85
-35
-51
95
85
-15
27
-39
-25
-67
71
29
-65
3
99
103
41
23
-69
25
3
-103
-55
-73
69
-61
-89
15
-35
-39
-51
-35
-19
63
75
19
87
-1
45
9
113
53
85
21
-101
-117
-113
-43
3
-5
-123
-107
-87
-9
-49
-85
43
37
57
-61
-25
5
95
89
-7
35
-15
37
25
-55
-67
11
31
-63
-99
-23
9
91
57
105
41
9
33
51
63
-103
-95
-67
117
79
-5
61
69
99
23
-35
-57
97
49
-85
-99
-67
-49
-81
51
-109
-79
71
-19
-27
-15
63
123
133
85
9
33
-19
15
-57
87
-9
-113
-81
1
-59
-121
-91
15
59
-91
-51
-83
-27
73
-17
33
-53
-73
55
89
13
-97
-45
-23
55
-97
-75
13
-19
49
55
-47
-37
23
43
1
49
-75
1
-65
-101
-107
-29
43
-99
-67
-117
-63
23
63
-21
93
67
79
15
69
-15
-79
7
99
67
119
97
39
-109
-111
-31
-11
-105
-103
7
-7
-65
-19
-71
-11
77
37
-21
27
-75
25
55
41
15
-65
61
-29
-23
-47
-41
109
119
115
27
135
103
35
-27
85
43
7
-87
-69
93
51
83
21
-91
-57
-99
-11
7
9
-37
77
25
-57
73
19
-33
-101
-57
89
55
75
113
103
105
77
137
93
-57
-29
45
67
-33
43
-47
25
-7
75
-23
3
35
-97
-91
-45
-29
21
53
-95
-61
43
-33
75
-1
63
109
109
-23
-45
-47
61
-41
79
93
-17
-13
-7
83
41
-33
-13
43
-69
-131
-117
-29
29
43
-103
-119
-107
9
-23
45
-81
-107
-29
21
63
45
-89
-77
7
-29
-27
51
-79
-17
25
65
-61
-41
13
-63
75
-25
-5
-59
1
-35
-59
-79
-1
-1
31
79
-3
-17
43
37
33
89
91
-15
91
59
45
45
11
113
73
121
127
69
73
61
107
-43
45
141
135
105
13
87
7
31
-47
77
75
97
51
-47
101
49
69
-55
-63
79
61
95
11
65
101
69
89
-21
-53
47
-29
-23
103
149
129
89
-51
23
17
-51
1
-3
69
-35
-69
27
-65
-125
-69
-37
-35
-29
17
31
-7
79
-13
11
-39
-121
-103
-71
-57
13
87
67
37
-21
-27
49
-81
-53
-95
-31
39
69
-29
67
59
-55
63
31
93
51
21
-33
-67
-97
-125
-61
-87
-41
79
41
47
-41
-75
45
67
103
69
117
105
15
-15
47
87
-35
91
93
-5
57
17
113
69
17
99
123
67
65
39
41
23
-89
-49
-51
-25
-69
-89
21
3
71
7
85
73
-65
-113
-65
-103
-107
35
-79
-55
57
63
119
91
-63
-67
-93
-55
17
-29
5
-39
-97
-11
-97
-63
13
93
105
-35
29
83
13
25
17
69
21
79
19
-85
-121
-57
-131
-141
-103
-7
7
-57
-105
-109
-13
73
65
97
49
27
-85
-75
-51
27
97
27
-83
-101
-3
-25
25
7
-63
-35
11
29
-43
-57
-17
-53
89
77
111
95
-21
79
79
73
-27
57
-25
-79
-43
79
-23
-47
-33
-63
29
97
109
25
109
95
13
21
-43
-89
-97
63
5
-101
-67
-103
-81
-123
-111
-19
-25
-77
61
59
63
-55
-67
-29
-103
-45
65
-39
45
-25
-75
11
87
-13
-29
-27
-21
75
-7
13
65
11
61
107
85
-65
-59
-79
53
-43
53
-21
83
133
101
33
-13
83
59
-41
65
69
-73
-117
-71
53
47
1
33
67
101
87
39
39
7
-1
47
105
123
69
95
-35
57
-27
25
103
23
117
95
15
87
-11
-85
-81
75
75
129
117
83
119
75
93
-41
47
63
-55
-9
75
15
59
-7
-7
-71
-81
-91
-67
-103
-9
-67
75
27
-29
-19
9
-47
-121
-117
-71
-5
-105
-71
-105
-117
-19
-89
7
-57
-99
-29
19
-11
27
89
33
-43
7
39
1
25
47
3
99
39
15
-31
-109
-131
-137
-89
-127
-75
-123
-111
-89
41
29
-59
-93
-137
-95
-113
-123
-81
-117
-93
47
55
9
-37
-95
-85
-101
-87
-83
-85
-81
73
41
-27
-61
87
117
79
63
111
117
33
-67
-57
-15
-19
-103
-91
-1
-23
-9
-69
9
73
-81
-77
11
-7
75
-3
51
53
-85
-95
-57
-75
41
-5
13
37
-33
-31
-37
-67
83
65
117
19
103
139
77
81
-29
-95
-95
27
63
-15
-45
-95
-21
59
11
-25
69
45
-69
-51
-33
27
29
31
-55
55
-23
81
117
41
9
-21
75
41
-85
-101
-51
19
19
15
-99
-83
-3
-47
-45
-87
41
57
-63
-1
101
99
7
65
-57
29
15
-35
-83
-45
63
-41
-71
-71
-81
49
111
103
39
-13
-11
71
-55
25
53
63
-51
-29
91
-21
-15
81
-37
39
97
87
-61
-7
65
3
21
-29
9
-95
-43
-99
-3
23
-67
3
-31
-9
79
51
-15
35
63
-97
-115
-123
-59
45
-9
57
59
65
107
113
41
-11
-43
-25
-3
-109
-99
-45
63
-81
-23
-81
-81
25
63
-9
-5
-65
-35
61
-27
-91
5
-65
63
103
119
109
-27
67
-11
11
-65
65
-31
-41
-75
-3
-21
-41
13
79
73
-53
-19
49
-89
-81
39
-47
21
61
-61
-45
-1
73
27
49
-55
59
-71
-65
-95
-19
89
85
-45
71
25
-99
-73
43
-15
-113
-85
63
123
125
111
77
93
19
5
-49
37
71
-23
-83
33
