189
89
141
164
94
175
350
476
317
354
494
411
-379
77
-369
80
-280
308
-82
154
-165
189
-206
6
-456
85
198
-375
-74
329
411
-166
-298
62
-338
-348
384
440
272
-236
50
355
178
-359
397
-165
389
-422
-297
320
381
179
318
-306
-199
-222
51
345
-70
157
-130
-163
413
-190
-268
55
383
-359
-176
-71
-151
471
-184
64
-45
403
-387
-177
-362
100
207
322
-350
446
299
-58
-159
475
-208
-430
489
379
-370
-184
-99
-193
-262
300
-327
403
-147
401
346
425
-184
-170
-334
-370
168
-167
-112
372
209
317
-360
-91
89
178
308
-33
58
-418
487
374
-165
-408
162
-181
-270
345
385
388
-470
-57
-209
-225
77
-168
161
-100
422
337
-398
-409
243
41
125
-91
102
431
-206
-28
-449
-424
456
-161
-71
363
136
393
476
278
-342
-347
-159
155
-419
471
-443
-415
159
-352
439
318
-360
-152
214
-252
-277
406
-461
187
-471
8
-189
-130
416
-380
166
-164
401
-440
-16
289
-347
-334
-155
149
-425
20
94
105
-352
168
-382
117
-147
-392
457
-469
410
-359
-168
-87
-144
518
302
-412
443
-113
161
76
-94
386
432
44
-92
-331
-453
-346
131
218
325
118
168
409
-159
-168
192
373
419
-236
-51
164
-159
157
-189
16
57
-401
-337
210
350
-464
152
-411
-34
314
-71
373
-414
173
-437
-14
-440
-122
374
-369
155
-196
-352
153
409
-213
172
406
359
-93
370
155
-164
123
-115
-380
-382
-441
-326
135
411
35
153
163
341
-98
118
477
325
381
-138
-304
379
-426
190
-185
-68
-232
-33
363
-431
-60
317
-53
104
360
-370
218
382
87
-74
344
-63
297
-378
-332
-386
-113
-411
19
80
107
154
-142
-342
129
-140
-180
-306
-223
-42
169
342
-109
-350
410
-425
373
-126
-98
-114
-134
447
366
392
-194
389
-402
-355
187
-204
-260
-156
120
406
-377
-131
-393
165
-139
402
-473
473
304
-414
-365
-61
438
51
-157
191
150
-408
-385
-401
-367
445
32
-359
-334
-356
-116
-430
-219
89
94
169
-148
-350
-93
433
328
156
356
106
-370
-324
215
281
-318
-406
107
418
-75
365
-421
-43
328
-119
-484
-28
132
-363
-89
-187
-226
85
-439
188
-71
426
347
-351
340
-365
-490
-254
384
-130
-82
106
212
366
372
364
-339
451
323
-362
104
-80
359
111
-65
365
-401
-378
-239
-452
-425
-94
195
114
111
164
49
-322
386
379
389
337
217
-199
-223
80
-431
186
206
380
335
-353
354
-104
-182
150
-90
364
502
264
-254
81
121
113
-312
358
-147
461
313
160
-204
-100
-348
-328
145
133
418
-199
-393
-87
486
311
-160
-106
-421
185
52
-107
-63
345
447
-197
-237
-163
124
126
-103
-136
-392
193
-194
-314
-176
436
350
-357
-116
-356
240
73
-132
159
-129
-120
388
137
85
-332
-204
157
142
335
166
-377
214
-190
-128
147
173
-159
139
353
-397
440
66
118
-78
338
-115
-355
-30
-418
-379
-125
-115
-337
397
140
80
-81
348
365
121
315
183
116
146
-392
-175
159
459
331
112
-398
107
-78
40
-340
-292
320
-378
-325
216
-401
-130
-126
216
308
-386
162
-161
188
-187
372
-102
94
157
-376
-254
-139
-402
436
126
-401
-384
425
352
158
76
-330
-112
-352
158
356
153
-381
379
404
-102
134
118
-131
-426
430
59
-99
-329
-117
-113
-350
-243
-132
-393
398
-127
-364
-406
418
355
393
360
123
371
115
-348
134
-295
-138
122
130
-99
111
-387
146
-165
-333
-478
159
-87
90
455
129
415
-344
-390
403
-406
-97
379
-393
-160
-86
74
-337
-77
91
-90
120
-270
144
-369
116
168
-366
374
-372
325
-52
-457
397
351
-132
-92
-120
-28
-375
354
402
-85
368
-131
-114
-411
386
115
333
377
-126
-103
-361
-6
110
-89
-173
461
87
-397
153
338
-289
-477
-329
376
-137
422
-346
-266
-133
-94
-446
-106
128
132
-113
333
184
-414
356
121
90
191
120
-36
-350
-124
-158
-107
-372
-131
-379
335
-65
337
132
-124
-119
-109
-331
-249
-369
-164
403
-95
-362
-403
-392
76
410
360
127
108
367
-57
141
-283
-128
-142
369
191
-366
99
-91
68
152
83
-108
118
107
-94
-92
-254
-402
373
123
447
-106
-378
-113
-436
-136
312
381
140
-125
-376
141
228
-315
-389
-190
-103
382
188
-338
-436
380
-385
-347
-364
75
449
390
-260
-345
-168
401
-360
360
-327
-371
52
403
-149
-120
116
373
-60
342
474
-304
360
-121
-379
-369
366
-48
-175
-92
-420
-122
-100
-174
411
-100
-254
366
-57
70
467
343
392
459
87
-98
65
-315
109
-361
-415
-351
254
-91
156
-431
-365
-102
80
185
-392
87
113
-324
341
141
-100
371
223
-63
-321
-446
-374
-336
-401
-117
-389
-364
-458
-289
-396
300
228
97
230
143
410
118
427
342
384
451
-350
-149
93
-308
115
-150
164
-364
219
-69
97
147
-336
332
-284
-395
306
195
-151
-96
103
341
209
97
475
-305
338
-375
-114
-116
332
-32
-171
136
-150
99
363
381
-313
100
220
-86
110
-134
394
-97
-341
-369
56
142
329
381
108
326
-20
-145
175
-292
-217
363
460
-351
104
-319
44
173
-159
365
-342
263
9
-361
-279
-133
324
402
420
105
160
-301
-448
126
-372
-87
-364
23
474
-344
197
-41
-182
348
-82
332
-291
-131
74
396
102
375
-328
30
-67
87
456
-33
343
-323
-391
329
-41
-337
-179
89
320
349
394
140
-362
369
-273
118
-300
-471
363
361
-71
186
-344
-130
-422
302
187
-403
111
-74
-39
-305
-434
323
-269
-189
360
214
313
453
-345
43
114
351
-322
337
-34
368
448
-123
344
331
166
175
-113
-364
-440
55
358
85
462
111
447
-25
59
387
-292
-201
319
232
-160
359
-324
43
122
67
165
370
-39
373
384
363
428
-120
-352
-391
100
-345
260
395
114
336
-282
305
219
-303
-205
339
-46
-359
-402
152
-344
-158
-113
-325
-154
101
-369
340
-11
-355
102
-381
306
364
368
482
-368
294
168
-335
64
-176
396
129
204
-76
80
102
139
311
147
166
-96
-141
-165
82
373
74
449
-132
154
-47
49
368
-67
-361
59
188
-118
320
377
368
-92
-418
-415
-392
200
-38
-105
-403
-376
-131
80
435
-81
-340
-449
97
-122
285
467
101
434
-256
-404
-435
100
345
-93
139
132
376
-108
289
144
-160
-156
340
190
193
117
355
-299
-374
-159
-104
-151
343
-293
-412
344
-134
89
381
-318
-114
-79
-420
363
-106
112
-104
363
369
377
162
-386
-426
-426
144
-315
-372
97
91
413
-337
48
436
-76
-172
330
-113
342
-122
-130
74
447
202
354
382
-353
330
-304
-156
150
-142
290
387
-365
64
-303
-393
-302
387
-58
76
-324
-336
-165
-74
-401
83
-336
-385
352
-120
-129
123
-304
-112
-105
-164
147
-345
91
-102
376
-326
55
-108
93
61
442
-144
188
185
-102
-180
384
111
-93
-361
-166
118
105
104
350
113
-366
335
428
476
-307
-454
370
114
-365
407
-351
-154
-370
-379
345
381
-352
340
144
444
175
-141
363
95
412
-342
-404
-393
-372
-128
355
-387
-390
-372
-286
121
432
-416
-381
-328
-163
432
-107
111
105
157
-418
-171
-356
353
395
213
-410
371
376
108
-362
-397
391
158
-355
-381
80
346
189
103
-320
-118
393
-389
-112
-345
121
-342
-156
138
-113
-108
119
-427
152
-392
-39
160
-380
372
-358
141
-376
182
-117
-151
352
-331
342
-401
-111
108
415
-76
-147
108
-358
368
-91
-91
133
-372
322
374
345
-411
161
-136
-295
140
-116
351
-339
-125
-116
148
144
398
-382
363
-411
343
441
-164
420
430
-89
-424
401
95
175
-106
-128
-133
-360
-110
-425
-138
417
-164
-285
408
173
-417
-88
-100
-103
-368
-397
138
-120
376
-177
-385
-124
120
176
402
426
96
-349
370
415
-352
138
136
-138
-354
364
-143
411
94
400
377
413
107
146
330
-379
183
-383
-142
-109
378
-159
103
-348
349
-323
-122
-386
108
-110
-102
136
-103
-95
119
383
-376
121
339
-347
363
-87
385
-125
373
-117
-131
-378
-79
-383
-118
-116
391
79
-162
-353
353
-342
-366
-387
-128
-131
-83
124
195
144
-122
350
-375
395
327
174
120
342
-122
-377
143
414
304
-103
-95
-96
397
-391
395
314
-167
183
320
-125
-342
398
85
-105
345
431
431
145
141
118
106
-428
117
459
319
347
140
-125
352
-353
130
-393
-343
-386
-105
371
-390
130
90
154
-451
24
368
-113
-193
-305
102
-368
-69
-85
412
354
-385
109
-151
153
62
-42
368
-386
-374
423
55
174
390
-369
-148
-398
-81
-143
335
-352
366
84
-116
150
367
-129
-394
-356
-313
447
-176
-139
-337
-417
-135
-124
-104
385
124
149
-136
397
-437
-303
-87
-384
-395
-110
170
84
-172
-377
-353
182
-160
-344
-185
-338
-77
172
433
140
-150
-361
160
-171
117
175
372
263
-388
-340
440
317
-324
392
-383
-89
-356
395
-133
-143
106
-111
-163
-70
-116
160
-456
-16
323
-83
129
-352
136
-375
-104
-391
123
-85
38
-268
426
370
-463
-297
127
-143
-274
413
-422
-92
161
366
386
372
-410
168
-136
139
-383
414
-143
165
131
-365
479
353
93
-208
-365
463
13
-356
-356
-85
-187
-355
-291
176
138
-60
394
110
364
-222
-414
-376
-379
28
376
399
101
147
58
-388
-308
219
401
336
90
-436
-81
381
-396
211
86
-380
191
345
-103
413
135
-56
372
-170
-360
-391
-406
-342
-105
-101
-371
-355
-413
-261
382
-152
-350
-390
-366
-119
-89
-171
-402
-361
-300
389
-119
411
92
158
395
365
160
198
399
291
-380
182
378
348
-371
390
-117
385
-382
404
-182
-109
-334
-29
379
366
346
-205
-346
195
27
-281
438
371
336
-181
-291
441
97
-322
405
330
379
98
100
-135
-332
113
-363
-114
-383
-72
-104
122
-331
487
52
-142
110
-356
396
121
145
55
-308
390
117
398
338
118
-117
-353
-100
97
-405
-337
-138
-359
92
-302
163
109
-155
-77
95
-113
487
170
314
-419
176
109
118
390
-113
366
-149
-133
-80
382
114
414
393
-102
102
133
301
-340
385
115
-164
-38
387
-151
-398
-359
-71
135
466
415
64
75
-323
365
-407
201
383
74
-118
-92
384
-129
129
154
375
-389
-144
-362
452
313
-145
162
-160
-143
-321
413
75
-377
-43
390
375
163
66
-386
186
56
-393
-117
-320
390
-154
-359
142
-122
-119
-136
-95
-83
135
343
-117
380
-155
153
-115
390
139
395
80
-358
-378
-367
-66
186
66
-416
-346
-353
148
-153
-368
168
164
361
-429
-79
-77
384
367
-94
98
-132
158
105
-168
-356
180
86
-132
-376
-119
-68
391
81
415
159
-169
124
141
338
-413
-366
-343
468
367
-144
140
147
377
82
-133
-338
400
323
-383
-376
-116
-98
-326
358
-403
-353
395
-126
-130
-123
149
475
346
316
-125
110
-132
154
-344
414
97
-374
-367
203
-197
-370
-330
179
322
-404
-83
-389
-86
412
-107
109
-143
-348
169
412
55
-386
-78
-87
324
-383
-328
135
-118
161
383
-422
-90
131
120
-94
337
-356
182
-123
-444
-333
-72
361
-373
-109
-399
-329
173
378
-384
406
110
344
-109
437
-191
-369
-46
372
109
404
413
60
-382
-342
-101
137
-419
-336
173
129
-409
130
-371
-107
390
131
-109
104
-359
136
138
142
76
-353
410
-119
-150
-127
-340
400
340
385
-116
410
399
150
-386
399
78
162
-390
-349
351
119
393
86
-352
-131
-377
-78
125
151
-380
398
68
-346
426
150
-176
-357
-346
376
103
117
421
107
391
106
443
364
-410
-114
149
434
-416
381
-358
131
-133
386
-133
-101
373
-325
-396
-121
-110
121
386
-386
-414
375
-347
362
-125
104
428
315
-94
-102
-374
375
-404
383
390
-95
-161
-112
415
87
-120
-132
414
-435
-338
-372
-109
121
348
-309
-371
-402
98
-117
425
-425
-348
-157
137
129
378
-295
-375
113
-146
-100
373
-357
-152
108
420
-417
-93
131
-380
379
-107
153
-340
98
-144
-78
-365
160
-148
105
393
-148
-102
109
141
-125
354
419
-354
346
125
139
113
-84
343
106
368
360
149
131
140
346
-334
62
430
354
363
-98
365
-43
95
-368
344
95
379
168
-395
392
113
394
-327
-450
390
141
346
-49
58
376
109
339
-82
-404
384
-393
-145
326
441
338
347
-336
101
209
-406
105
-130
344
-76
-397
394
-396
-368
-125
-94
-136
-142
139
115
-87
341
-95
116
-132
-345
-388
-126
-359
114
361
163
112
-144
-124
362
-326
-172
-353
-127
77
402
-351
391
91
-334
300
-79
323
116
192
-135
-91
-370
-395
-91
-400
-145
377
129
109
-84
-381
123
69
369
142
327
499
-132
-133
104
355
-348
310
412
-366
339
-109
374
131
-159
352
350
214
111
123
119
97
-340
-131
-134
-110
-115
-350
137
-170
354
-90
283
482
-338
-376
-120
-400
-370
362
-355
-364
339
149
371
412
-413
-115
-371
-165
117
-71
105
-134
-334
115
-377
-347
103
328
412
-386
76
402
-139
165
-137
360
-103
327
194
-321
-379
-109
-342
-355
-385
60
101
-70
-346
-406
-167
345
150
317
175
153
-335
-368
-132
101
372
143
-398
-385
88
-77
85
169
-351
-178
135
160
-108
-345
106
-328
309
99
365
422
-382
383
145
380
-350
294
-40
-389
-153
395
-44
-117
-114
-424
96
348
356
-61
322
384
-81
69
-70
-356
-397
383
190
-306
-132
-391
-180
-317
-394
119
-88
-411
364
86
406
-275
-150
-98
-355
-152
365
-349
306
-39
-381
69
393
-60
-136
-170
-128
367
-70
-111
365
-48
59
344
357
-284
-133
-401
321
-320
363
-392
340
403
409
-99
-124
332
174
-402
322
413
-310
-393
-448
319
188
-169
127
104
384
134
147
149
-114
-156
74
344
345
198
368
-353
354
-369
68
392
-111
380
419
-89
331
-71
-427
-397
310
198
334
378
128
340
148
370
-346
121
380
-268
-182
342
-132
343
-103
160
-368
-135
-371
-159
-378
93
-348
370
166
-68
-150
116
-157
-322
-345
-163
122
-332
-139
-377
-364
100
-332
114
-93
-334
-160
104
-144
88
321
227
-393
70
157
-151
124
137
-91
363
161
156
-90
-392
-424
-344
-90
-379
-162
-309
-393
-417
371
167
-84
-377
-394
-125
-347
-416
-152
-301
-387
365
166
128
-94
-385
-126
-370
-111
-368
-145
-358
351
147
-153
-340
283
471
112
117
382
360
180
-363
-105
-116
133
-292
-398
93
-129
139
-341
91
383
-312
-383
99
-97
333
-71
117
399
-267
-382
-141
-392
346
-86
109
124
-101
-116
-132
-374
312
183
376
-102
337
401
126
360
-64
-328
-406
53
399
-104
-139
-349
-190
427
-133
-131
365
173
-387
-159
-88
111
155
109
-362
368
-370
364
406
148
-133
-129
374
166
-360
-378
-118
118
155
103
-320
-369
104
-109
-127
-378
148
386
-299
-152
354
371
-90
358
-348
71
158
-104
-376
-134
371
-98
-374
-137
-345
103
361
347
167
-126
-103
334
-333
117
118
387
-354
-113
382
-113
-118
378
-355
116
387
359
-323
-203
396
-108
119
-98
143
-370
-97
-396
124
137
-375
102
-103
-138
425
116
-115
124
376
-341
-405
-355
-333
379
-91
138
104
122
360
344
197
-180
-112
-94
100
-340
-390
-67
371
-377
156
-374
-384
135
366
-130
156
-438
-131
407
-146
-357
125
-356
167
390
404
365
-358
358
-118
119
-385
365
-97
-110
-385
173
-125
-101
-83
365
414
-375
-119
334
-344
-370
430
-436
153
381
-391
-99
-120
453
-133
381
-345
367
-350
-177
-347
-114
416
363
-359
403
116
-357
-390
462
-172
-387
-352
132
361
352
362
96
446
-152
132
-386
139
